1725273703540540928 0   2.85373  -8.28662 -0.912018
1725273703556529920 0  2.94199 -9.18883 -1.56906
1725273703572568576 0   2.73606  -10.1695 -0.951245
1725273703585843200 1 -0.0809623  -0.824539   0.981671
1725273703588656128 0   2.15746   -9.5909 -0.549172
1725273703590984960 1 0.0159785 -0.726532   1.08234
1725273703596131584 1  0.11878 -0.59763  1.17769
1725273703601283328 1  0.216787 -0.437303   1.26078
1725273703604794368 0   2.02998   -8.9927 0.0686466
1725273703606439936 1   0.31799 -0.272715   1.33908
1725273703611601664 1  0.421324 -0.107594   1.41099
1725273703616713216 1  0.501754 0.0474049    1.4797
1725273703620878080 0   2.0594 -9.05154 0.470719
1725273703621826048 1 0.585912 0.182165  1.53083
1725273703626940928 1 0.653025 0.293488  1.57664
1725273703632057088 1 0.705226 0.382974  1.61712
1725273703636908800 0  2.29476 -8.76715 0.686466
1725273703637175040 1 0.73825  0.4405 1.63097
1725273703642294272 1 0.755827 0.483111  1.65654
1725273703647415040 1 0.760089 0.501222  1.65867
1725273703652537600 1 0.759023 0.511341   1.6347
1725273703652956416 0  2.29476 -8.46314  1.25525
1725273703657661440 1 0.752631 0.499091  1.58889
1725273703662786816 1 0.740913 0.477786  1.53616
1725273703667913984 1 0.729727 0.443164  1.45253
1725273703669018624 0    1.471 -8.70831  1.54945
1725273703673042432 1 0.692442 0.383506  1.34014
1725273703678172672 1  0.53105 0.269519  1.11323
1725273703683304192 1 0.234365 0.145412 0.764882
1725273703685093632 0 -1.10815 -7.11963  3.02045
1725273703688437504 1   -0.1028 0.0245009  0.367526
1725273703693572352 1  -0.403215 -0.0985395 0.00426035
1725273703698708480 1 -0.594967 -0.205069 -0.279106
1725273703701186816 0 -0.970858  -8.28662   2.03978
1725273703703846144 1 -0.646634 -0.268987 -0.475122
1725273703708985600 1 -0.547562 -0.282836 -0.582184
1725273703714126592 1 -0.295086   -0.2333 -0.620002
1725273703717293824 0  1.37293 -9.97336 -1.14738
1725273703719268864 1 -0.0106517  -0.173643  -0.657287
1725273703724412928 1  0.248214 -0.137422 -0.686051
1725273703729558272 1  0.492699 -0.109725 -0.724933
1725273703733416448 0    1.3337  -8.46314 -0.804145
1725273703734705664 1  0.705759 -0.129966 -0.730792
1725273703739854080 1  0.859693 -0.221048 -0.721205
1725273703745004032 1  0.961963 -0.382974 -0.680724
1725273703749553920 0   1.58868  -8.10029 -0.764919
1725273703750155776 1   1.01736 -0.590707 -0.629589
1725273703755309056 1     1.036  -0.82667 -0.577922
1725273703760463872 1   1.01523  -1.07009 -0.529451
1725273703765597440 1  0.972082  -1.31085 -0.478318
1725273703765685760 0   1.67694  -8.22778 0.0490332
1725273703770731776 1   0.89911  -1.53083 -0.443696
1725273703775867648 1 0.846911 -1.64269 -0.42452
1725273703781002240 1  0.819212  -1.65334 -0.428248
1725273703781776896 0  1.37293 -8.48275 0.872792
1725273703786139648 1  0.794711  -1.60593 -0.446892
1725273703791275520 1  0.789384  -1.51751 -0.470328
1725273703796414208 1  0.771275  -1.40566 -0.507081
1725273703797876480 0 0.892405 -9.12999  1.31409
1725273703801552384 1   0.72227  -1.29806 -0.554486
1725273703806691584 1  0.645569  -1.22669 -0.578989
1725273703811831296 1  0.536376  -1.17023 -0.605088
1725273703813981952 0 0.725692 -9.38496  2.13785
1725273703816971776 1  0.415465   -1.1372 -0.606153
1725273703822112512 1   0.30201  -1.08128 -0.598697
1725273703827254272 1  0.198144  -1.00031 -0.576858
1725273703830094080 0 0.970858   -9.434  2.03978
1725273703832396800 1  0.114518 -0.903904 -0.548094
1725273703837539840 1 0.0431428  -0.79684 -0.514537
1725273703842683648 1 -0.0143798  -0.692974    -0.4666
1725273703846211584 0  1.31409 -9.22806   1.6279
1725273703847828224 1 -0.0596554  -0.574194  -0.410671
1725273703852973056 1 -0.0980072  -0.465533  -0.344622
1725273703858118912 1 -0.128367 -0.357407 -0.276977
1725273703862336000 0  1.75539 -9.01231  1.16699
1725273703863265280 1  -0.15287 -0.259932 -0.213059
1725273703868382208 1 -0.167784 -0.170447 -0.148075
1725273703873498880 1  -0.170447 -0.0798959  -0.100137
1725273703878373888 0  1.79462 -8.92405 0.990472
1725273703878615296 1  -0.178437 -0.0133151 -0.0527316
1725273703883731456 1  -0.180567  0.0202406 -0.0149138
1725273703888847360 1 -0.182698 0.0394148 0.0181095
1725273703893963008 1 -0.180034 0.0351544 0.0330234
1725273703894406144 0  1.79462 -8.86521 0.833565
1725273703899078656 1 -0.170979 0.0346221 0.0356867
1725273703904194048 1 -0.160326 0.0186419  0.026632
1725273703909309440 1  -0.153402 -0.0111841 0.00106465
1725273703910435584 0   1.9123  -8.8456 0.784532
1725273703914424064 1  -0.135825 -0.0490036 -0.0170431
1725273703919526656 1  -0.121976 -0.0942774 -0.0372837
1725273703924628736 1 -0.0990719  -0.143281 -0.0623187
1725273703926433536 0  1.99075 -8.88482 0.706079
1725273703929730048 1 -0.0745692  -0.202406  -0.082027
1725273703934830848 1 -0.0511329  -0.252474  -0.104931
1725273703939931136 1 -0.0207729  -0.300945  -0.134226
1725273703942417664 0  1.97114 -8.64947 0.666852
1725273703945030656 1 0.00479267  -0.349417  -0.157663
1725273703950129920 1   0.03036 -0.394158 -0.182165
1725273703955229440 1 0.0468726 -0.457545 -0.204003
1725273703958393600 0  1.89268 -8.72792 0.666852
1725273703960326656 1 0.0703088 -0.525723 -0.225842
1725273703965425152 1 0.0868214 -0.605088 -0.256736
1725273703970521856 1 0.0964085 -0.690311 -0.286032
1725273703974364672 0  2.09862 -8.86521 0.686466
1725273703975618304 1  0.107062 -0.778199 -0.316926
1725273703980713984 1  0.103866 -0.876206 -0.353145
1725273703985809408 1 0.0990719 -0.973681  -0.37818
1725273703990331648 0  2.43205 -9.22806 0.931632
1725273703990904064 1 0.0814947  -1.07382 -0.413334
1725273703995998208 1 0.0596554  -1.15212  -0.45062
1725273704001091840 1 0.0458062  -1.20698 -0.485242
1725273704006184704 1  0.026632  -1.24054 -0.531582
1725273704006292736 0  2.45166 -9.38496   1.1866
1725273704011277312 1 0.0234363  -1.25385 -0.577922
1725273704016369152 1 0.0170431  -1.25385 -0.625861
1725273704021460480 1 0.0175772  -1.25279 -0.671137
1725273704022250752 0 2.15746 -8.9927 1.04931
1725273704026551296 1 0.0255656  -1.26823 -0.720673
1725273704031641600 1 0.0394148  -1.30232 -0.761686
1725273704036731136 1 0.0564597  -1.36305 -0.793645
1725273704038204160 0   2.0594 -9.05154 0.509946
1725273704041820416 1 0.0777666  -1.45147  -0.81069
1725273704046908928 1  0.109725   -1.5548 -0.809093
1725273704051996928 1  0.140085  -1.67092 -0.814419
1725273704054150912 0    2.0594  -9.03192 0.0686466
1725273704057084160 1   0.17897   -1.7913 -0.830398
1725273704062171136 1  0.221582  -1.90901 -0.843183
1725273704067257600 1 0.272182 -2.00116 -0.85277
1725273704070088704 0   2.86354  -9.11038 -0.166713
1725273704072338432 1  0.338763  -2.06295 -0.846911
1725273704077418496 1  0.409074  -2.07839 -0.833594
1725273704082499072 1  0.48684 -2.04004 -0.81069
1725273704086010624 0   2.92238  -8.92405 0.0490332
1725273704087577856 1    0.5694  -1.96387 -0.786189
1725273704092656128 1  0.642906  -1.85788 -0.756359
1725273704097733376 1  0.710019  -1.73324 -0.742512
1725273704101922816 0  3.00083 -8.52198 0.284393
1725273704102810368 1  0.770741  -1.59954 -0.719608
1725273704107886336 1  0.817081   -1.4536 -0.702029
1725273704112961792 1  0.849042  -1.32203 -0.687647
1725273704117829376 0  3.30484  -8.5612 0.872792
1725273704118036736 1  0.852237  -1.17715 -0.676996
1725273704123110656 1  0.817081  -1.00351 -0.661548
1725273704128183808 1  0.745174  -0.80057 -0.635448
1725273704133256704 1  0.662082 -0.621601 -0.608284
1725273704133728256 0  3.55981 -8.80637  1.75539
1725273704138328576 1  0.618403 -0.496427  -0.54703
1725273704143399936 1   0.58538 -0.433575 -0.477252
1725273704148470784 1  0.556617 -0.415465 -0.389898
1725273704149620480 0  4.40319 -9.34574  1.27486
1725273704153540608 1  0.510277 -0.403747 -0.291358
1725273704158609920 1  0.460741 -0.397356 -0.190155
1725273704163678464 1   0.402681   -0.35634 -0.0830916
1725273704165506048 0  4.24628 -9.01231  1.79462
1725273704168746496 1  0.337166 -0.277509 0.0298277
1725273704173811200 1  0.274846 -0.145944  0.142749
1725273704178876416 1  0.193351 0.0335557  0.262063
1725273704181379840 0  3.94227 -9.09076  1.99075
1725273704183939072 1 0.121976 0.233832 0.385103
1725273704189002496 1 0.0511329  0.453815  0.515603
1725273704194064384 1 0.005325 0.682323 0.643438
1725273704197244928 0  3.88343 -8.96328  1.63771
1725273704199125504 1 -0.0159785   0.917752   0.773404
1725273704204186112 1 -0.0218376    1.16224   0.886327
1725273704209245696 1 -0.0143798    1.42324   0.986998
1725273704213101568 0  3.74614 -8.46314  1.10815
1725273704214304768 1 -0.0063914    1.71726    1.08394
1725273704219362816 1       0 2.01661 1.18514
1725273704224420352 1 0.0127828    2.3314   1.29167
1725273704228951296 0  3.52059 -8.11991  1.65732
1725273704229477120 1 0.0197065   2.67123   1.40779
1725273704234532864 1 0.028229  3.02597   1.5303
1725273704239588096 1 0.0351544   3.38445   1.64855
1725273704244642816 1 0.0511329   3.75624     1.762
1725273704244795392 0   2.6576 -8.62985  1.65732
1725273704249696512 1 0.0761679    4.1504   1.86746
1725273704254749440 1 0.104399  4.56533  1.94949
1725273704259801856 1 0.132629  4.95576  2.00063
1725273704260630272 0  1.81423 -9.20844  1.75539
1725273704264853248 1 0.144347  5.28014  2.02513
1725273704269905152 1 0.211993  5.60399  2.03578
1725273704274955264 1 0.268454  5.84102  2.06454
1725273704276457984 0 0.912018 -9.26728  1.35332
1725273704280011008 1 0.286564  5.89322  2.15296
1725273704285069056 1 0.200275  5.67484  2.31329
1725273704290126592 1 -0.0234363    5.16189    2.52795
1725273704292308992 0  1.51022 -9.38496  1.51022
1725273704295183360 1 -0.365929    4.5062   2.73195
1725273704300239616 1 -0.683919   4.00392   2.84221
1725273704305295104 1 -0.849042   3.86064   2.81984
1725273704308151296 0 -0.0490332   -9.05154    3.55981
1725273704310350080 1 -0.840519   4.00019   2.73568
1725273704315404544 1 -0.761686   4.21325   2.65951
1725273704320458496 1 -0.71215  4.36772  2.60998
1725273704323990784 0 -0.0490332   -8.90444    2.83412
1725273704325511680 1 -0.682323   4.44495   2.58761
1725273704330564096 1 -0.716945   4.40181    2.5908
1725273704335616256 1 -0.775003   4.29688   2.60891
1725273704339826176 0 0.568786   -7.963   2.2163
1725273704340667392 1 -0.811756   4.20952   2.62436
1725273704345718272 1 -0.797907   4.16744   2.63981
1725273704350768640 1 -0.73825  4.15359  2.66111
1725273704355652608 0 0.284393 -7.75706  1.52984
1725273704355818240 1 -0.654624   4.13708    2.6968
1725273704360867072 1 -0.552355   4.10246   2.73728
1725273704365916416 1 -0.438369   4.05665   2.74687
1725273704370964224 1 -0.30574   3.9938  2.76551
1725273704371470080 0 -0.588399  -8.28662 -0.127486
1725273704376011520 1 -0.159261   3.92828   2.76551
1725273704381057792 1 -0.0122505    3.82495    2.74154
1725273704386103808 1 0.121443  3.68646  2.68508
1725273704387283456 0  -2.27514  -8.42391 -0.402073
1725273704391149056 1 0.236496  3.57407  2.58121
1725273704396211200 1 0.356874  3.48086  2.44272
1725273704401272832 1 0.457545  3.43984   2.2776
1725273704403132416 0  -5.1681 -7.69822  1.85346
1725273704406333952 1 0.563541  3.42599  2.06614
1725273704411394816 1 0.646634  3.41002  1.83551
1725273704416455168 1 0.700964  3.34503  1.60114
1725273704418990336 0 -5.49172 -9.05154  1.95152
1725273704421515264 1 0.712682  3.22465  1.35665
1725273704426574848 1 0.707356  3.05953  1.08234
1725273704431635200 1 0.694573  2.87737 0.776068
1725273704434846720 0 -5.41327  -9.5909  2.27514
1725273704436694272 1 0.704692  2.68188 0.462338
1725273704441752832 1 0.718542   2.4635 0.157663
1725273704446811136 1  0.747837   2.21528 -0.103332
1725273704450699520 0 -3.59904 -9.09076  1.97114
1725273704451868928 1  0.797907   1.92872 -0.324382
1725273704456926208 1   0.86502   1.60487 -0.506015
1725273704461983488 1  0.934797   1.25598 -0.650896
1725273704466547712 0 -1.67694 -8.88482  1.69655
1725273704467040256 1    1.0083  0.893783 -0.786189
1725273704472096768 1   1.07968  0.540104 -0.902838
1725273704477152512 1  1.15265 0.186426 -1.02482
1725273704482208256 1    1.2203 -0.163522  -1.14093
1725273704482394368 0 -0.666852   -8.9927   1.41216
1725273704487263488 1   1.28208 -0.527854   -1.2448
1725273704492318464 1   1.32736 -0.884196  -1.33322
1725273704497365248 1  1.36677 -1.23414 -1.40513
1725273704498226176 0 -0.0490332    -8.8456    1.52984
1725273704502409728 1  1.39128 -1.56971  -1.4781
1725273704507455744 1  1.41312 -1.87332 -1.54894
1725273704512500224 1  1.43868 -2.14924 -1.61233
1725273704514036736 0 0.186326 -8.70831  1.58868
1725273704517544192 1  1.46372 -2.40118  -1.6805
1725273704522587648 1  1.48343 -2.63714 -1.74762
1725273704527630592 1  1.49301 -2.86192 -1.80728
1725273704529841408 0 0.509946 -8.70831  1.85346
1725273704532673024 1  1.49727 -3.08563 -1.86107
1725273704537715200 1    1.501 -3.31733   -1.917
1725273704542756608 1  1.50739 -3.55649 -1.96867
1725273704545641216 0   1.1866 -9.01231  2.03978
1725273704547797504 1  1.51485 -3.79139 -2.01554
1725273704552838144 1  1.52923 -4.04227 -2.05496
1725273704557878016 1  1.54628 -4.31285 -2.09278
1725273704561436928 0 1.52984 -8.9927 1.95152
1725273704562917376 1  1.56758 -4.58078 -2.12846
1725273704567957504 1  1.59581 -4.84604 -2.15669
1725273704572994816 1  1.63523 -5.08253 -2.18386
1725273704577226752 0  1.69655 -8.66908  2.23592
1725273704578033920 1  1.66399 -5.32009 -2.19131
1725273704583071232 1  1.67891 -5.53795  -2.2057
1725273704588108288 1  1.67252 -5.72171 -2.19824
1725273704593012992 0  1.31409 -8.78676  3.17735
1725273704593144832 1  1.65494 -5.88257  -2.2073
1725273704598177024 1  1.61126 -6.02319 -2.22381
1725273704603208448 1  1.56119 -6.14623 -2.23659
1725273704608239360 1   1.5042 -6.19417 -2.18652
1725273704608782592 0  1.67694 -9.16922  4.05995
1725273704613269760 1  1.43975 -6.15262 -2.10716
1725273704618299648 1  1.34707 -6.05515 -2.04377
1725273704623328768 1  1.23255 -5.92784 -1.96973
1725273704624546816 0 0.784532 -8.92405  5.24656
1725273704628357376 1  1.09566 -5.76006  -1.8941
1725273704633386752 1 0.954505 -5.57523 -1.82059
1725273704638414336 1 0.820279 -5.34246 -1.75667
1725273704640304384 0  0.20594 -8.90444   5.6094
1725273704643441152 1 0.697236 -5.07934  -1.7098
1725273704648467456 1 0.593902 -4.80289 -1.67092
1725273704653493504 1 0.487905 -4.53337 -1.63203
1725273704656057344 0 0.362846 -8.46314  4.76603
1725273704658518784 1  0.40854 -4.31285 -1.59368
1725273704663543552 1 0.348352 -4.12749  -1.5532
1725273704668567552 1 0.303076 -3.98581  -1.5303
1725273704671802880 0  1.23564 -8.08068  3.76575
1725273704673591296 1 0.278041 -3.88354 -1.50739
1725273704678614528 1 0.265259 -3.80311 -1.49834
1725273704683636992 1 0.273247 -3.71948 -1.48715
1725273704687543040 0  1.67694 -7.90416  3.11851
1725273704688658944 1 0.298814 -3.63905 -1.48396
1725273704693680128 1 0.337166 -3.58845 -1.45253
1725273704698700288 1 0.380843  -3.5533 -1.41684
1725273704703275776 0  2.77528 -7.75706  2.63799
1725273704703720448 1 0.415465 -3.52347 -1.36731
1725273704708739328 1 0.438901 -3.51122 -1.32576
1725273704713757696 1 0.444761  -3.5027 -1.26877
1725273704718775040 1 0.431978 -3.51814 -1.20112
1725273704719001088 0   4.1286 -7.88455  3.07929
1725273704723792128 1 0.402148 -3.53945 -1.12282
1725273704728808704 1 0.351014 -3.54904 -1.02801
1725273704733824512 1  0.293488  -3.53625 -0.925209
1725273704734719232 0  4.22667 -8.18855  4.04034
1725273704738839808 1  0.201873  -3.48352 -0.839453
1725273704743854592 1 0.0830916  -3.38658 -0.773404
1725273704748868608 1 -0.0511329   -3.25714  -0.726532
1725273704750432768 0  3.63827 -8.42391  4.68758
1725273704753882112 1 -0.190155   -3.1112 -0.683919
1725273704758895104 1 -0.316926  -2.95886 -0.651961
1725273704763907584 1  -0.43677  -2.80652 -0.630121
1725273704766142464 0  3.23619 -8.10029  4.49145
1725273704768920064 1 -0.544366   -2.6675 -0.614143
1725273704773931520 1 -0.628524  -2.51889 -0.605088
1725273704778941952 1 -0.683387  -2.37348 -0.594435
1725273704781846784 0  2.71644 -8.11991  2.86354
1725273704783951872 1 -0.716411   -2.2286 -0.589108
1725273704788961280 1 -0.735586  -2.08958 -0.581118
1725273704793969920 1  -0.73825  -1.95695 -0.561411
1725273704797544960 0  3.30484 -7.71783  1.56906
1725273704798979840 1 -0.725467  -1.83124 -0.535844
1725273704803988736 1 -0.689246  -1.70394 -0.487905
1725273704808997376 1 -0.641841  -1.57504 -0.438901
1725273704813241088 0  4.40319 -6.85485 0.549172
1725273704814005248 1 -0.574726  -1.44188 -0.389365
1725273704819012608 1 -0.490036  -1.29966 -0.343558
1725273704824019200 1 -0.403747  -1.16224 -0.306272
1725273704828931328 0   4.46203  -6.51162 -0.343233
1725273704829026560 1 -0.308935   -1.0344 -0.284433
1725273704834031872 1 -0.204003 -0.903904  -0.27591
1725273704839037184 1 -0.0889507  -0.771807  -0.282836
1725273704844041472 1 0.0458062 -0.638644 -0.296151
1725273704844616960 0  4.05995 -6.81562 -1.45138
1725273704849045504 1   0.19548 -0.521463 -0.311067
1725273704854048512 1  0.367526  -0.43677 -0.305207
1725273704859051264 1  0.542235 -0.376581 -0.298814
1725273704860298752 0   4.5699 -6.56065 -2.03978
1725273704864053248 1  0.715346 -0.338763  -0.27964
1725273704869054720 1   0.89112 -0.310532 -0.251942
1725273704874056704 1   1.07328 -0.276444 -0.218918
1725273704875975936 0  5.53095 -6.12916 -2.02998
1725273704879056896 1   1.25545   -0.2333 -0.183762
1725273704884056576 1   1.44348 -0.185893   -0.1289
1725273704889055744 1    1.62404    -0.1289 -0.0639174
1725273704891645952 0  6.25664 -5.77612 -1.20622
1725273704894054144 1     1.7849 -0.0767002  0.0149138
1725273704899055360 1    1.93777 -0.0191742  0.0985395
1725273704904055808 1   2.06934 0.0378178  0.179502
1725273704907320064 0  6.45278  -5.8938 0.323619
1725273704909056000 1  2.18972 0.108127 0.260464
1725273704914055424 1  2.29571 0.181099 0.331839
1725273704919054336 1  2.39958 0.274846 0.421857
1725273704922987008 0  5.62902 -6.21742  1.06892
1725273704924052736 1  2.49546 0.382974 0.494296
1725273704929050368 1  2.57429 0.508146 0.570466
1725273704934048512 1  2.66005 0.676463 0.662082
1725273704938647552 0  5.0112 -6.3351 1.56906
1725273704939045120 1  2.73675 0.877271  0.75849
1725273704944041216 1  2.80599  1.09353 0.859693
1725273704949036544 1   2.8534  1.32629 0.972616
1725273704954031616 1 2.87417 1.55001 1.08607
1725273704954303232 0   5.3054 -6.39394  2.98122
1725273704959025920 1 2.89654 1.77745 1.21178
1725273704964019456 1 2.91572 1.97932 1.35399
1725273704969012736 1 2.93063 2.16202 1.51432
1725273704969952512 0 5.28578 -6.3351 4.34435
1725273704974005248 1  2.9317 2.34099 1.67891
1725273704978997504 1 2.88163 2.47575 1.83071
1725273704983988992 1  2.7703 2.57855 1.93671
1725273704985598208 0  4.34435 -7.73745  7.23731
1725273704988980992 1  2.6201 2.68934   2.023
1725273704993971200 1 2.40224 2.77084  2.0752
1725273704998960896 1 2.16468 2.85819 2.10609
1725273705001239040 0  3.84421 -9.09076  9.36535
1725273705003950080 1 1.91061 2.94395 2.10449
1725273705008938752 1 1.67092 3.02597 2.09917
1725273705013926656 1 1.42483 3.07817 2.07307
1725273705016872448 0  3.61865 -9.80665  9.51245
1725273705018914304 1 1.18887 3.06646 2.03685
1725273705023901440 1 0.99179 3.01798 1.98305
1725273705028887808 1 0.825071  2.94927  1.92659
1725273705032500480 0 2.46147 -9.5909  8.8456
1725273705033873408 1 0.703628  2.87044  1.87439
1725273705038858752 1 0.606153  2.80333  1.83071
1725273705043844352 1 0.508678  2.76924  1.79929
1725273705048121856 0 0.990472 -9.41438  8.00223
1725273705048828416 1 0.412802  2.77616  1.76093
1725273705053811968 1 0.324914   2.8257  1.71992
1725273705058795008 1 0.243419  2.93489  1.70501
1725273705063736320 0 0.382459 -10.6598  7.67861
1725273705063777280 1 0.136357  3.07817  1.69542
1725273705068759040 1 -0.0106517     3.2694    1.68637
1725273705073740288 1 -0.177371   3.50749   1.67571
1725273705078721024 1 -0.34409  3.77275  1.68104
1725273705079343616 0  0.20594 -9.85568  8.62985
1725273705083701248 1 -0.500156   4.02895   1.71619
1725273705088680704 1 -0.641841   4.25373   1.78597
1725273705093659648 1 -0.768077    4.4588   1.88398
1725273705094946048 0 1.73578 -9.2869 7.94339
1725273705098637824 1  -0.881 4.65908 1.98571
1725273705103617024 1 -0.989127   4.83485     2.072
1725273705108593920 1 -1.07648  5.00423  2.15829
1725273705110542848 0  1.71616 -8.86521  7.25692
1725273705113570816 1 -1.15904  5.15817  2.21475
1725273705118546944 1 -1.24267  5.28654  2.24724
1725273705123522560 1 -1.32257  5.37389  2.24245
1725273705126134528 0 0.970858 -9.05154  6.59988
1725273705128497664 1 -1.38648  5.42715  2.20357
1725273705133472000 1 -1.42004  5.45965  2.14444
1725273705138445824 1 -1.43922  5.44793  2.07147
1725273705141720320 0 0.245166 -9.01231  5.73689
1725273705143418880 1 -1.44081  5.39147  1.98039
1725273705148392704 1 -1.44454  5.29452  1.86906
1725273705153364736 1 -1.43549  5.17095  1.75348
1725273705157300224 0 -0.323619  -8.88482   5.47211
1725273705158336512 1 -1.42004  5.01861  1.61233
1725273705163307264 1 -1.39767  4.83538  1.47384
1725273705168277760 1 -1.36092  4.63457  1.34866
1725273705172877056 0 -0.343233   -8.4043   5.03081
1725273705173247744 1 -1.31031  4.42897  1.22349
1725273705178216960 1 -1.26291  4.22816  1.11057
1725273705183185664 1 -1.21284  4.02043  1.00244
1725273705188153856 1 -1.16756  3.81589 0.882065
1725273705188449024 0 -0.666852  -8.24739   4.74642
1725273705193121536 1 -1.12549  3.61295 0.772872
1725273705198089472 1 -1.09672  3.42013 0.651428
1725273705203055872 1 -1.07062    3.263 0.533181
1725273705204016384 0 -2.2163 -8.5612 4.44241
1725273705208022016 1  -1.0605   3.1357 0.405344
1725273705212987392 1 -1.05997  3.04675 0.270585
1725273705217952000 1 -1.07169  2.99189 0.129432
1725273705219578368 0 -3.84421 -8.76715  4.20705
1725273705222916096 1   -1.09193    2.96046 -0.0165108
1725273705227879680 1  -1.12176   2.93809 -0.166185
1725273705232842752 1 -1.15531  2.92797 -0.30574
1725273705235132672 0 -4.32473 -8.68869  3.90305
1725273705237805056 1  -1.18994   2.91199 -0.447424
1725273705242767104 1   -1.2187   2.89761 -0.579521
1725273705247728640 1  -1.23628     2.855 -0.700964
1725273705250682112 0 -3.70691 -8.36507  3.36368
1725273705252690176 1 -1.26184   2.8028 -0.81069
1725273705257650432 1  -1.27782   2.73621 -0.907632
1725273705262610176 1 -1.30765  2.65206 -1.00884
1725273705266225408 0 -2.94199 -8.24739  3.23619
1725273705267569152 1 -1.33269  2.55245 -1.09246
1725273705272527616 1 -1.37849  2.45657 -1.19366
1725273705277485568 1 -1.42483  2.35164 -1.28954
1725273705281763584 0 -2.75567 -8.15913  3.46175
1725273705282442752 1 -1.47757  2.24724 -1.39873
1725273705287399680 1 -1.53616  2.12633 -1.50952
1725273705292355840 1 -1.60221  1.99637  -1.6315
1725273705297296640 0  -2.6576 -8.17875  3.48136
1725273705297311488 1 -1.66506  1.84722 -1.75401
1725273705302267648 1 -1.72365  1.67571 -1.87013
1725273705307222272 1 -1.77372  1.48715 -1.98092
1725273705312176128 1 -1.81154  1.28368 -2.07733
1725273705312824832 0  -2.3536 -7.80609  2.67722
1725273705317129472 1 -1.83497  1.07755 -2.15616
1725273705322082304 1  -1.8403 0.870347  -2.2302
1725273705327034368 1 -1.83923 0.661548 -2.28186
1725273705328345600 0 -1.95152 -7.17847   1.6279
1725273705331986176 1 -1.82325 0.454348 -2.33407
1725273705336937216 1 -1.80568 0.247681 -2.36283
1725273705341887744 1  -1.77425 0.0474049   -2.3884
1725273705343862784 0 -1.54945 -7.17847 0.892405
1725273705346838528 1  -1.74496 -0.157663  -2.40597
1725273705351788032 1 -1.71406 -0.35208 -2.40171
1725273705356737024 1   -1.6853 -0.553954  -2.40118
1725273705359372544 0 -1.20622 -7.48247 0.284393
1725273705361685248 1  -1.65121 -0.741446   -2.3884
1725273705366632704 1  -1.61712 -0.903904  -2.37881
1725273705371580160 1 -1.58196 -1.04932 -2.37827
1725273705374872576 0 -1.23564 -7.48247        0
1725273705376526592 1 -1.54468 -1.16171 -2.37827
1725273705381472512 1 -1.50313 -1.25812 -2.37614
1725273705386418944 1  -1.4749 -1.34707 -2.37348
1725273705390369792 0  -0.833565   -7.46286 -0.0294199
1725273705391363840 1 -1.44614 -1.43389 -2.35377
1725273705396308224 1 -1.42963 -1.51272 -2.33886
1725273705401251584 1 -1.40779 -1.60221 -2.31542
1725273705405863680 0 -0.411879  -7.13924 -0.107873
1725273705406194944 1 -1.39447  -1.6853 -2.29998
1725273705411137536 1 -1.37636 -1.76733 -2.28559
1725273705416079360 1 -1.34866 -1.83604 -2.28613
1725273705421020928 1  -1.2986 -1.88824 -2.28453
1725273705421351936 0 -0.382459  -6.56065 -0.853179
1725273705425961728 1 -1.22189 -1.95109 -2.28719
1725273705430903040 1 -1.12442 -2.02034 -2.29465
1725273705435842816 1 -1.01043 -2.08585 -2.30956
1725273705436834560 0 -0.813952  -6.67833  -1.85346
1725273705440782080 1 -0.887392  -2.14817  -2.33726
1725273705445720576 1 -0.759023  -2.19824  -2.37188
1725273705450658560 1 -0.63172 -2.23979 -2.41183
1725273705452313600 0 -1.14738 -7.02156 -2.52031
1725273705455596032 1 -0.515069  -2.27441   -2.4358
1725273705460532736 1 -0.405344  -2.29944  -2.46137
1725273705465469184 1 -0.306804  -2.30637  -2.46403
1725273705467786240 0 -0.951245  -7.35499  -2.15746
1725273705470404864 1 -0.221048  -2.27707    -2.439
1725273705475340032 1 -0.146477   -2.2318  -2.40118
1725273705480275712 1 -0.085755  -2.16681  -2.33673
1725273705483252992 0 -0.402073  -7.63938  -1.22583
1725273705485209600 1 -0.0623187   -2.07413   -2.27547
1725273705490142976 1 -0.0798959    -1.9676   -2.22274
1725273705495075840 1 -0.128367  -1.83604  -2.17587
1725273705498715136 0  0.127486  -8.17875 0.0882598
1725273705500008192 1 -0.214656  -1.67624  -2.15083
1725273705504940288 1 -0.296151   -1.5058  -2.13219
1725273705509871360 1 -0.364863  -1.34494  -2.10077
1725273705514167040 0   1.43177  -7.78648 -0.608012
1725273705514802944 1 -0.397888  -1.20964  -2.05496
1725273705519732992 1 -0.386702  -1.10471  -1.99477
1725273705524662272 1 -0.327577  -1.04026  -1.92659
1725273705529591296 1 -0.216255  -1.01523   -1.8616
1725273705529615104 0  2.73606 -6.87446 -2.23592
1725273705534519808 1 -0.0719058   -1.02055   -1.79769
1725273705539447552 1 0.0974731  -1.06902  -1.74123
1725273705544374784 1 0.267388 -1.14573 -1.68796
1725273705545058560 0  2.63799 -7.25692 -3.13813
1725273705549301248 1 0.430911 -1.22775 -1.65281
1725273705554228480 1  0.57739 -1.32523 -1.62404
1725273705559153920 1 0.706823 -1.42909   -1.607
1725273705560495616 0   2.2163 -8.02184 -2.98122
1725273705564078848 1 0.827735 -1.51272 -1.59315
1725273705569003264 1 0.935331 -1.58942 -1.56492
1725273705573926912 1  1.01949 -1.61872 -1.53509
1725273705575926016 0  2.39282  -8.5612 -2.31437
1725273705578850304 1  1.07275 -1.60753 -1.50047
1725273705583772928 1  1.09353 -1.54947 -1.46052
1725273705588695040 1  1.08447 -1.44401 -1.40353
1725273705591350784 0   2.77528  -8.26701 -0.853179
1725273705593616384 1  1.05571 -1.30126 -1.33428
1725273705598537472 1  1.02854 -1.12708 -1.26131
1725273705603458816 1   1.01523 -0.944918   -1.1681
1725273705606769920 0   3.94227  -7.75706 -0.529559
1725273705608378624 1   1.00351 -0.769676  -1.07275
1725273705613297920 1    1.0131 -0.615208  -0.97954
1725273705618216448 1   1.04239 -0.493764 -0.893783
1725273705622184448 0   4.90333  -7.06079 -0.951245
1725273705623134720 1   1.09992 -0.411203 -0.823474
1725273705628052224 1   1.18994 -0.384571 -0.773937
1725273705632969216 1   1.32257 -0.395757 -0.757958
1725273705637592576 0  4.49145 -7.02156 -1.83384
1725273705637885440 1   1.48289 -0.476187 -0.756893
1725273705642802432 1   1.66399 -0.582717 -0.776068
1725273705647717888 1    1.8419 -0.727064 -0.804298
1725273705652632320 1   2.00968 -0.896979 -0.855965
1725273705652994048 0  2.85373 -7.90416 -1.87307
1725273705657546752 1  2.14604 -1.09406 -0.91136
1725273705662459904 1   2.26695  -1.28155 -0.969953
1725273705667373056 1  2.34685 -1.44774 -1.02641
1725273705668390912 0   2.5007 -8.88482 -1.16699
1725273705672285440 1  2.40597 -1.56013 -1.07648
1725273705677197312 1  2.45657 -1.64748 -1.10791
1725273705682109696 1  2.48853 -1.68104 -1.10365
1725273705683782144 0    3.94227   -8.22778 -0.0490332
1725273705687020288 1  2.51197 -1.66719 -1.06317
1725273705691930368 1   2.54393  -1.65387 -0.980072
1725273705696840192 1   2.56683  -1.62138 -0.876738
1725273705699170048 0   6.6391 -6.85485 0.490332
1725273705701748992 1   2.60465  -1.60008 -0.757426
1725273705706657536 1   2.66324  -1.60221 -0.639178
1725273705711565312 1   2.76338  -1.62564 -0.502287
1725273705714550016 0   7.65899  -5.49172 0.0490332
1725273705716472576 1   2.89601  -1.67837 -0.369657
1725273705721380352 1   3.0622 -1.77106 -0.24555
1725273705726286592 1  3.25395 -1.89037 -0.13689
1725273705729924608 0   6.35471  -5.62902 -0.706079
1725273705731192064 1   3.46275  -2.03525 -0.028229
1725273705736097280 1   3.68699  -2.18279 0.0687101
1725273705741001728 1  3.90378  -2.3346 0.163522
1725273705745294336 0   3.78537  -6.21742 -0.833565
1725273705745905408 1  4.09021 -2.45444 0.253006
1725273705750808832 1  4.25053 -2.51197 0.331307
1725273705755711744 1  4.36132 -2.50025 0.393094
1725273705760614656 1  4.43749 -2.42195 0.434107
1725273705760659968 0  1.97114 -6.03109   1.1866
1725273705765516288 1  4.47425 -2.28186 0.472991
1725273705770417408 1  4.47478 -2.09331 0.510277
1725273705775317760 1  4.41033  -1.8664 0.521995
1725273705776019456 0   2.0594 -7.00195  4.48164
1725273705780217856 1  4.28995 -1.60913  0.50921
1725273705785117184 1  4.09766  -1.3231 0.467132
1725273705790015744 1  3.84998 -1.03174 0.392029
1725273705791374848 0  2.90277 -8.13952  7.56093
1725273705794914048 1   3.55916 -0.777666  0.310532
1725273705799812864 1   3.25714 -0.588043  0.240224
1725273705804709632 1   2.95034 -0.487373  0.187492
1725273705806722304 0  4.22667 -8.92405  8.86521
1725273705809606144 1   2.66005 -0.474588  0.158195
1725273705814502144 1   2.37881 -0.501754   0.12677
1725273705819397632 1   2.14071 -0.553421 0.0916141
1725273705822064384 0   4.5699 -9.64974  8.54159
1725273705824292608 1   1.91753 -0.617871 0.0468726
1725273705829186560 1    1.69648  -0.708954 0.00372802
1725273705834080256 1    1.47757  -0.832529 -0.0372837
1725273705837402880 0  5.12888 -10.2578  8.50237
1725273705838973440 1    1.26238  -0.982736 -0.0932128
1725273705843866880 1   1.05198  -1.15425 -0.153935
1725273705848758784 1  0.874607  -1.31617 -0.206134
1725273705852734720 0  5.68786 -9.18883  7.69822
1725273705853650176 1 0.743044 -1.41152 -0.23756
1725273705858541056 1 0.666875 -1.45413  -0.2333
1725273705863431168 1  0.639178  -1.45946 -0.201873
1725273705868061696 0  6.56065 -8.22778  5.53095
1725273705868320768 1  0.646634  -1.43282 -0.158195
1725273705873209856 1   0.672734   -1.40459 -0.0900171
1725273705878099712 1   0.690311   -1.36837 -0.0378178
1725273705882988032 1    0.690311    -1.29487 -0.00372802
1725273705883391232 0  5.49172 -7.90416  5.05042
1725273705887989504 1   0.67806   -1.2171 0.0276966
1725273705892989696 1  0.680724  -1.12549 0.0756356
1725273705897989888 1 0.706823  -1.0083 0.143281
1725273705899057920 0  4.58951 -8.11991   4.4228
1725273705902990080 1  0.743044 -0.855433  0.218384
1725273705907990016 1  0.759023 -0.685518  0.296151
1725273705912990976 1  0.752099 -0.480447  0.360602
1725273705914725888 0  4.68758 -8.59062  5.08965
1725273705917990656 1  0.699367 -0.260464  0.429314
1725273705922990848 1   0.590707 -0.0351544   0.493232
1725273705927990272 1 0.420792 0.200807 0.568867
1725273705930393344 0  5.43288 -9.93414  7.58054
1725273705932989952 1 0.189621 0.455946 0.659419
1725273705937989376 1 -0.0846904   0.743044   0.789384
1725273705942989056 1 -0.401616   1.03121  0.975278
1725273705946059776 0  7.02156 -10.5127   9.1496
1725273705947988480 1 -0.739314    1.3247   1.21497
1725273705952987904 1 -1.08021  1.64482  1.48556
1725273705957987072 1 -1.42057  1.99264  1.77159
1725273705961725440 0  7.29615 -9.97336  9.09076
1725273705962987264 1 -1.75028  2.37508  2.06188
1725273705967986432 1 -2.05815  2.77776  2.34685
1725273705972985344 1 -2.32075  3.20335   2.6185
1725273705977391360 0  6.39394 -8.86521  6.96272
1725273705977984256 1 -2.53274  3.64598   2.9024
1725273705982983168 1 -2.70692  4.05292  3.19056
1725273705987981824 1 -2.85766  4.39382  3.45476
1725273705992980736 1 -2.94554  4.75975   3.7067
1725273705993057536 0   5.8938 -7.46286  4.84448
1725273705997979392 1 -2.98283  5.16562  3.95172
1725273706002979072 1 -2.98123  5.57576   4.1504
1725273706007977472 1 -2.95034  5.98644  4.31712
1725273706008721152 0  4.30512 -7.13924  2.15746
1725273706012975872 1 -2.91359  6.38006  4.44655
1725273706017974016 1 -2.86139  6.73054  4.55255
1725273706022972416 1 -2.79161  7.03788  4.62445
1725273706024384000 0  2.19669 -7.04117  1.31409
1725273706027970816 1 -2.71544  7.26905  4.64895
1725273706032968704 1 -2.61637  7.41926   4.6383
1725273706037966848 1 -2.51623   7.4933   4.5893
1725273706040044800 0 0.686466 -7.11963  1.43177
1725273706042965760 1 -2.39745  7.50448  4.54029
1725273706047963648 1 -2.26162  7.45388  4.47478
1725273706052961536 1 -2.11941  7.35481  4.41885
1725273706055706368 0  0.20594 -7.48247  1.71616
1725273706057959168 1 -1.98571  7.21739  4.33576
1725273706062957056 1 -1.86107  7.07783   4.2468
1725273706067954688 1 -1.79183  6.87862  4.12376
1725273706071363840 0 -1.43177 -7.90416  2.29476
1725273706072951808 1 -1.77319   6.6581  3.96663
1725273706077950464 1 -1.77265  6.44877  3.72268
1725273706082947840 1 -1.75188  6.23731  3.46168
1725273706087022336 0 -3.67749 -8.44353  2.11824
1725273706087944960 1 -1.69595  6.01254  3.18364
1725273706092942336 1 -1.61872  5.82451  2.87577
1725273706097939456 1 -1.5255 5.65246 2.52582
1725273706102681600 0 -5.43288 -8.74753 0.970858
1725273706102936576 1 -1.45466  5.43887  2.15723
1725273706107933440 1 -1.38755  5.19172  1.76466
1725273706112931328 1 -1.29007  4.93073  1.36465
1725273706117928192 1 -1.17928  4.66866 0.969953
1725273706118337792 0  -6.58026  -8.15913 0.0882598
1725273706122924800 1  -1.0376  4.41725 0.609349
1725273706127921664 1 -0.900174   4.16904  0.279106
1725273706132918272 1  -0.751033    3.94959 -0.0063914
1725273706133994496 0  -6.27626  -7.19808 -0.813952
1725273706137914624 1 -0.605621   3.75517 -0.257801
1725273706142911232 1 -0.451684   3.62041 -0.447956
1725273706147907584 1 -0.297217   3.52027 -0.591239
1725273706149650176 0  -5.39366  -6.69794 -0.990472
1725273706152903936 1 -0.168848    3.4734 -0.694573
1725273706157900800 1 -0.0681778    3.44837  -0.761686
1725273706162896896 1 0.00745605    3.43878  -0.787786
1725273706165307136 0 -3.76575 -7.17847        0
1725273706167892992 1 0.0559273   3.44996 -0.770741
1725273706172889088 1 0.0660467   3.44038 -0.706291
1725273706177884928 1 0.0516652   3.42067 -0.601358
1725273706180963328 0 -1.81423 -7.67861  1.16699
1725273706182880768 1 0.0260997   3.38232 -0.469795
1725273706187876608 1 -0.0234363    3.35302  -0.326513
1725273706192873216 1 -0.0846904    3.32106   -0.19548
1725273706196617984 0 -0.568786   -8.5612   1.25525
1725273706197868800 1  -0.156598    3.30668 -0.0932128
1725273706202864384 1  -0.236496    3.28218 0.00106465
1725273706207859968 1 -0.311067   3.25182 0.0846904
1725273706212271616 0 -0.470719  -8.80637  0.745305
1725273706212855296 1 -0.371256   3.20388  0.170979
1725273706217850624 1 -0.426651    3.1341  0.238093
1725273706222845696 1 -0.46287  3.05048 0.305207
1725273706227841792 1 -0.493764   2.95513   0.35208
1725273706227923712 0 -0.892405  -8.80637 -0.127486
1725273706232836864 1 -0.503885   2.84541  0.379777
1725273706237831936 1 -0.510277   2.75006  0.365929
1725273706242827008 1 -0.524126   2.66377  0.311599
1725273706243577088 0  -2.69683  -8.68869 -0.549172
1725273706247821824 1 -0.526789   2.59773  0.235963
1725273706252816384 1 -0.516668   2.54553  0.131563
1725273706257810944 1 -0.488437   2.51943 0.0287613
1725273706259229440 0 -4.32473 -8.24739 -1.49061
1725273706262806528 1  -0.442097    2.48321 -0.0756356
1725273706267801344 1 -0.373918   2.45498 -0.174707
1725273706272795648 1 -0.298282   2.43474 -0.266323
1725273706274881280 0 -4.58951 -7.50209  -2.2163
1725273706277789952 1 -0.213592   2.41556 -0.340362
1725273706282784512 1 -0.137954   2.40065 -0.404279
1725273706287778560 1 -0.0687101    2.38094  -0.453815
1725273706290532352 0 -3.70691 -7.35499 -2.15746
1725273706292772608 1 -0.00585907     2.36283   -0.502287
1725273706297767936 1 0.0404812   2.36283 -0.528386
1725273706302761728 1 0.0809623   2.36123  -0.54703
1725273706306183680 0 -2.98122 -7.46286 -1.65732
1725273706307755776 1  0.105996   2.36389 -0.554486
1725273706312749568 1  0.118248   2.35004 -0.560345
1725273706317743360 1 0.117714  2.32554  -0.5433
1725273706321833216 0 -1.97114   -7.963 -1.65732
1725273706322737152 1  0.125704   2.28666 -0.505482
1725273706327730688 1  0.151271   2.27174 -0.447956
1725273706332725248 1  0.139021   2.21795 -0.367526
1725273706337480960 0 -1.16699 -8.58082 -1.49061
1725273706337718784 1 0.0900171   2.14497 -0.265259
1725273706342712064 1 0.0250333   2.08851 -0.182165
1725273706347705344 1 -0.0426105     2.0752   -0.12304
1725273706352698624 1 -0.0980072    2.08159 -0.0889507
1725273706353129216 0 -1.49061 -8.72792 -1.37293
1725273706357691904 1  -0.144347    2.09544 -0.0596554
1725273706362684928 1  -0.175774    2.11088 -0.0346221
1725273706367678976 1 -0.201873   2.14125  -0.03036
1725273706368777216 0 -2.46147  -8.5612 -1.97114
1725273706372672000 1  -0.214656     2.1764 -0.0410135
1725273706377664512 1  -0.213059    2.21741 -0.0516652
1725273706382657536 1  -0.193883    2.27547 -0.0825593
1725273706384425728 0 -3.23619 -8.36507 -2.61838
1725273706387650048 1 -0.166185   2.32128 -0.105463
1725273706392642816 1 -0.142749   2.34525 -0.132095
1725273706397635328 1 -0.111322   2.36815 -0.162457
1725273706400074752 0 -3.26561 -7.98261 -2.98122
1725273706402627584 1 -0.0681778     2.3884  -0.179502
1725273706407621120 1 -0.0175772     2.4113  -0.186958
1725273706412613632 1 0.0383501   2.46137 -0.180034
1725273706415721728 0 -2.61838 -7.50209 -2.94199
1725273706417605632 1 0.0964085   2.51197 -0.164056
1725273706422597888 1  0.154999   2.58228 -0.139021
1725273706427590144 1   0.215721    2.65259 -0.0958762
1725273706431365888 0 -1.89268 -7.06079 -2.81451
1725273706432582144 1   0.264725    2.71757 -0.0420781
1725273706437574912 1  0.322785   2.76125 0.0276966
1725273706442566912 1 0.381375  2.81451 0.114518
1725273706447009536 0 -1.45138 -7.31576 -2.81451
1725273706447558656 1 0.433575  2.86245 0.193883
1725273706452550400 1 0.465533  2.90347  0.25354
1725273706457541888 1 0.462338  2.92211 0.288163
1725273706462533376 1  0.43251  2.90187 0.309468
1725273706462653440 0 -0.804145  -8.28662  -1.83384
1725273706467525888 1 0.381908  2.83529 0.322785
1725273706472517376 1 0.328644  2.73408 0.341959
1725273706477508864 1 0.268454  2.59932  0.35634
1725273706478296320 0 0.304006 -9.63013 -1.27486
1725273706482500096 1 0.205069  2.46776 0.363798
1725273706487491328 1 0.130498  2.32235 0.345689
1725273706492482304 1 0.0585907   2.19451  0.320654
1725273706493934592 0 -0.0882598   -9.83607   -1.22583
1725273706497473024 1 -0.0031957    2.08798   0.277509
1725273706502464000 1 -0.0436769    2.00755   0.243419
1725273706507456000 1 -0.0745692    1.94097    0.20933
1725273706509574144 0 -1.08854 -9.30651 -2.13785
1725273706512446720 1 -0.0926805    1.90422   0.180034
1725273706517437440 1 -0.0905494    1.89783   0.158729
1725273706522428160 1 -0.082027    1.9186  0.152336
1725273706525213952 0 -2.03978 -8.34546 -3.19697
1725273706527418624 1 -0.0596554    1.96334   0.143281
1725273706532409088 1 -0.0229022    2.04697   0.145944
1725273706537400576 1 0.0197065   2.14444  0.141152
1725273706540852992 0 -2.57915 -7.69822 -3.70691
1725273706542391040 1 0.0649821   2.24671  0.152336
1725273706547381248 1 0.0942774   2.34738  0.151803
1725273706552371456 1 0.131031  2.43687 0.162457
1725273706556490240 0 -2.15746 -7.84532  -3.0989
1725273706557361664 1 0.152336  2.51144 0.174707
1725273706562351616 1 0.167784  2.55724 0.192819
1725273706567341568 1  0.17897  2.57056 0.208265
1725273706572129024 0 -0.970858  -8.36507  -2.27514
1725273706572332544 1 0.176306  2.56097 0.226907
1725273706577322240 1 0.163522  2.53274  0.23756
1725273706582311936 1 0.144347  2.49173 0.243419
1725273706587301632 1 0.108659  2.42834 0.247147
1725273706587764736 0 -0.0882598   -9.03192   -1.69655
1725273706592291328 1 0.0719058    2.3575  0.251942
1725273706597280768 1 0.03036 2.26908 0.27165
1725273706602269952 1 -0.0085207    2.17853   0.286564
1725273706603401728 0 0.362846 -9.12999   -1.775
1725273706607260416 1 -0.0367514    2.08372    0.30574
1725273706612249856 1 -0.0612541      1.974   0.307869
1725273706617239040 1 -0.085755   1.85468  0.281769
1725273706619037184 0 0.186326   -9.434 -2.13785
1725273706622227968 1 -0.107594   1.72152  0.233832
1725273706627217152 1 -0.121976   1.59635  0.175774
1725273706632206080 1 -0.122508   1.47117  0.110258
1725273706634669568 0 -0.627626  -9.22806  -2.75567
1725273706637194752 1 -0.113453   1.35186  0.032491
1725273706642183936 1 -0.0916141    1.25492 -0.0575243
1725273706647173632 1 -0.0745692    1.17342  -0.160326
1725273706650303488 0 -1.58868 -8.86521 -3.32445
1725273706652162048 1 -0.0596554    1.10684  -0.260997
1725273706657150720 1 -0.0287613    1.04133  -0.334503
1725273706662139136 1 0.0138474    1.0067 -0.392561
1725273706665937408 0 -1.60829 -8.24739 -3.86382
1725273706667127808 1  0.059123  0.976876 -0.430911
1725273706672115968 1    0.1028   0.96143 -0.444761
1725273706677105152 1  0.133162  0.955037 -0.452751
1725273706681570816 0 -0.568786  -8.68869  -3.44213
1725273706682093568 1  0.134759  0.935863 -0.447956
1725273706687081472 1  0.119312  0.900709 -0.426651
1725273706692069632 1 0.0798959  0.855965 -0.401084
1725273706697057536 1 0.0207729  0.777134  -0.37019
1725273706697203456 0  1.29448 -9.64974  -2.2163
1725273706702045440 1 -0.0506006   0.657287  -0.347818
1725273706707033344 1 -0.141684  0.498559 -0.313196
1725273706712022016 1 -0.223711  0.305207  -0.27964
1725273706712835072 0  3.28523 -10.2283  -1.3337
1725273706717009664 1 -0.296151 0.0580584 -0.251409
1725273706721997312 1 -0.336632 -0.256736 -0.247147
1725273706726984960 1 -0.325448  -0.62373 -0.255137
1725273706728465152 0  4.26589 -9.45361 -2.45166
1725273706731972096 1 -0.264725  -1.04079 -0.293488
1725273706736959744 1  -0.17311  -1.48023 -0.326513
1725273706741947904 1 -0.0660467   -1.92233  -0.369657
1725273706744096512 0  3.78537 -8.70831 -3.90305
1725273706746935040 1 0.0500683   -2.3085  -0.40854
1725273706751922432 1  0.170979  -2.65419 -0.472459
1725273706756909312 1 0.303609 -2.97484 -0.53904
1725273706759728128 0  2.46147 -8.00223 -4.58951
1725273706761896192 1  0.452751  -3.28804 -0.626393
1725273706766884352 1 0.599761 -3.58366 -0.75423
1725273706771870976 1  0.735586  -3.88301 -0.899642
1725273706775357696 0   1.6279 -8.04145 -4.46203
1725273706776857856 1 0.861292  -4.2255 -1.00404
1725273706781844480 1  0.98753 -4.52432 -1.10098
1725273706786831104 1  1.13774 -4.73578  -1.1894
1725273706790986752 0 0.186326 -7.63938 -4.95236
1725273706791817728 1  1.30019 -4.86415 -1.26184
1725273706796803840 1  1.46851 -4.94031 -1.32736
1725273706801791488 1  1.63896 -5.01275 -1.37157
1725273706806615296 0 0.343233 -7.63938 -4.36396
1725273706806777600 1  1.79982 -5.09531 -1.40939
1725273706811763968 1  1.95961 -5.21995  -1.4259
1725273706816750080 1  2.11035 -5.38188 -1.44348
1725273706821736192 1  2.24298 -5.55073 -1.47277
1725273706822241792 0  1.29448 -8.26701 -2.59876
1725273706826722048 1  2.35537 -5.70466 -1.50526
1725273706831708928 1  2.43474 -5.81652 -1.54148
1725273706836694784 1  2.49333 -5.90174 -1.56439
1725273706837867520 0    1.3337  -8.36507 -0.853179
1725273706841680640 1  2.52742 -5.92145 -1.57397
1725273706846666240 1  2.54712 -5.86339 -1.57344
1725273706851651840 1  2.54659 -5.74408 -1.54042
1725273706853495552 0   1.0297 -7.92377 0.490332
1725273706856637440 1  2.54712 -5.56404 -1.47437
1725273706861622784 1  2.53594 -5.33501  -1.3705
1725273706866609408 1  2.51836 -5.05057 -1.25865
1725273706869120768 0 0.0686466  -8.61024   1.08854
1725273706871594496 1   2.4912 -4.72406 -1.12229
1725273706876579840 1   2.45604  -4.37464 -0.960364
1725273706881564928 1    2.4113  -4.01404 -0.787253
1725273706884755712 0 -1.04931 -8.44353 0.990472
1725273706886562816 1   2.37721  -3.68326 -0.594435
1725273706891549184 1   2.34312  -3.35622 -0.413334
1725273706896536320 1   2.30104  -3.02757 -0.232766
1725273706900383744 0 -1.49061 -8.50237   1.1866
1725273706901522688 1    2.23819   -2.71544 -0.0474049
1725273706906508800 1  2.15829 -2.40331 0.133162
1725273706911494912 1   2.0475 -2.10183 0.308403
1725273706916011264 0 -1.37293 -8.88482   2.2163
1725273706916480768 1  1.90422 -1.80728 0.468197
1725273706921466624 1  1.75667 -1.54415 0.613078
1725273706926453248 1  1.58676 -1.31298 0.744109
1725273706931439104 1  1.40726 -1.12708 0.835725
1725273706931637504 0 -0.608012  -10.1695   3.25581
1725273706936424704 1   1.22296 -0.994454    0.9071
1725273706941410048 1   1.04346 -0.919883  0.948113
1725273706946395392 1   0.86502 -0.916155  0.976344
1725273706947264000 0 -0.186326  -10.7187   3.63827
1725273706951380736 1  0.694573 -0.950244  0.968886
1725273706956367104 1 0.540104 -1.01097 0.951841
1725273706961352192 1 0.401084 -1.10045 0.899642
1725273706962887680 0 -0.529559  -10.9148   3.48136
1725273706966337280 1 0.285499 -1.19686  0.82294
1725273706971322368 1 0.213592 -1.30659 0.707356
1725273706976307200 1 0.192819 -1.41471 0.552355
1725273706978510336 0 -2.13785 -10.1303  1.93191
1725273706981291776 1 0.222646 -1.52391 0.367526
1725273706986276352 1 0.286032 -1.63363 0.148075
1725273706991261952 1   0.385103   -1.74922 -0.0681778
1725273706994134016 0 -3.80498 -8.76715 0.529559
1725273706996246528 1  0.491633  -1.86906 -0.291891
1725273707001230848 1  0.600826  -1.96813 -0.491633
1725273707006215424 1   0.69617  -2.02939 -0.687115
1725273707009756160 0 -3.59904 -8.08068 0.225553
1725273707011199488 1  0.785656  -2.04537 -0.853302
1725273707016183552 1  0.868216  -2.00702 -0.975278
1725273707021168384 1 0.942254 -1.93138 -1.08341
1725273707025378048 0 -2.39282 -7.94339 0.892405
1725273707026152704 1  1.01097  -1.8403 -1.15691
1725273707031136256 1  1.04985 -1.73217 -1.20538
1725273707036120064 1  1.07116 -1.63523  -1.2203
1725273707040998144 0 -0.686466  -8.28662   1.56906
1725273707041103872 1 1.08128 -1.5255 -1.2155
1725273707046087424 1  1.07808 -1.39873 -1.19313
1725273707051071744 1   1.0637 -1.26397 -1.16863
1725273707056055296 1  1.05145 -1.12549 -1.14732
1725273707056619264 0 0.0294199   -8.5612    2.5007
1725273707061038336 1   1.00777 -0.980604  -1.12335
1725273707066021632 1  0.952908 -0.844247  -1.09939
1725273707071004672 1  0.887924 -0.690845  -1.07915
1725273707072238592 0 0.245166 -9.03192  3.11851
1725273707075987712 1  0.804298 -0.500156  -1.07169
1725273707080970752 1  0.714814 -0.282836  -1.06956
1725273707085954560 1   0.633851 -0.0154462   -1.09406
1725273707087856896 0 -0.362846  -9.18883   4.02073
1725273707090937344 1 0.558748 0.346221 -1.15585
1725273707095919872 1 0.490036 0.766481 -1.23361
1725273707100902400 1 0.403215  1.16597 -1.28208
1725273707103477248 0 0.549172  -9.2869  4.34435
1725273707105884928 1 0.254605   1.3721 -1.20325
1725273707110867200 1 0.0948098   1.47171  -1.05145
1725273707115850496 1 -0.0873537    1.52657  -0.878337
1725273707119095040 0  2.19669 -9.12999  3.34407
1725273707120832768 1 -0.254605   1.58356 -0.692442
1725273707125815040 1 -0.394692   1.66612 -0.510809
1725273707130796800 1 -0.496427   1.76999 -0.351548
1725273707134711552 0  2.11824 -8.10029  2.90277
1725273707135778816 1  -0.55928   1.89197 -0.210396
1725273707140760576 1   -0.59763    2.04217 -0.0996042
1725273707145743360 1    -0.61947     2.21422 0.000532325
1725273707150326528 0  1.23564 -8.54159  2.48108
1725273707150724864 1 -0.634916   2.40118 0.0639174
1725273707155706624 1 -0.638112   2.58974  0.102268
1725273707160687872 1 -0.628524   2.75592  0.116117
1725273707165669376 1 -0.616274    2.9008  0.104399
1725273707165940480 0 0.431493 -8.76715  2.37321
1725273707170650624 1 -0.598163   3.01372 0.0814947
1725273707175631872 1  -0.58964   3.09628 0.0383501
1725273707180613888 1  -0.584848    3.14476 -0.0122505
1725273707181552128 0 0.0686466  -8.98289    2.3536
1725273707185594880 1  -0.590174    3.13304 -0.0751033
1725273707190575616 1 -0.583781   3.07072 -0.153935
1725273707195556608 1 -0.572595    2.9578 -0.227441
1725273707197164288 0        0 -9.18883  1.22583
1725273707200537344 1 -0.545963    2.7996 -0.296685
1725273707205517824 1 -0.514537   2.63341 -0.362199
1725273707210499584 1 -0.470328   2.46563 -0.423455
1725273707212774656 0 0.107873 -9.34574 0.706079
1725273707215480064 1  -0.42452   2.31063 -0.489504
1725273707220460288 1 -0.371256   2.14391 -0.550758
1725273707225440512 1 -0.302544   1.98198 -0.604556
1725273707228380928 0 -0.0882598   -8.86521   0.784532
1725273707230420736 1 -0.213592   1.82379  -0.67007
1725273707235400960 1 -0.109725    1.6853 -0.747305
1725273707240381952 1 0.0154462    1.5564 -0.810157
1725273707243988224 0 0.166713  -8.8456 0.529559
1725273707245361664 1  0.147543   1.42643 -0.873542
1725273707250341632 1  0.290292     1.297 -0.920949
1725273707255321344 1  0.411203   1.18248 -0.960364
1725273707259593728 0 0.549172 -9.16922 0.647239
1725273707260300800 1  0.522527   1.09832 -0.990193
1725273707265281280 1 0.610415  1.03973 -1.01736
1725273707270260736 1 0.667941  1.01469 -1.04026
1725273707275199232 0 0.509946 -9.11038  1.63771
1725273707275239936 1 0.695638  1.01203 -1.05518
1725273707280219136 1 0.702029  1.02109 -1.06689
1725273707285198592 1 0.694041  1.04665 -1.06796
1725273707290177536 1 0.656223  1.09992 -1.06423
1725273707290804992 0 0.470719 -9.16922  2.29476
1725273707295157504 1 0.617871  1.16117 -1.06476
1725273707300136448 1  0.54703  1.23574 -1.05411
1725273707305115136 1 0.475655  1.31298 -1.03707
1725273707306408704 0 0.647239 -9.11038  2.77528
1725273707310094080 1 0.387234  1.37796 -1.00191
1725273707315072512 1 0.284967    1.452 -0.95344
1725273707320050944 1  0.181099   1.51645 -0.891652
1725273707322011392 0 0.872792 -9.68897  2.90277
1725273707325030400 1 0.0665808   1.59155 -0.835725
1725273707330008832 1 -0.0564597     1.6576  -0.782459
1725273707334987008 1 -0.178437   1.72099 -0.723868
1725273707337612544 0  1.12776 -10.7187  3.04006
1725273707339965440 1 -0.317458   1.76946 -0.681256
1725273707344943360 1 -0.491633   1.79183 -0.654624
1725273707349921024 1 -0.711085   1.76839  -0.64983
1725273707353212672 0 0.725692  -10.297  3.50097
1725273707354900224 1  -1.00884    1.6869 -0.670604
1725273707359877888 1   -1.4227   1.53882 -0.767013
1725273707364855808 1  -1.94044   1.33269 -0.929472
1725273707368809728 0 0.107873 -8.20817  4.49145
1725273707369833216 1 -2.45924  1.12229  -1.1143
1725273707374810880 1 -2.86245 0.980072  -1.2464
1725273707379789056 1 -3.12611 0.898578 -1.30872
1725273707384408320 0 0.529559 -8.15913  3.59904
1725273707384766464 1 -3.32373 0.851703 -1.31777
1725273707389743616 1 -3.47873  0.85703 -1.27836
1725273707394721024 1 -3.58259 0.904437 -1.21444
1725273707399697920 1 -3.64491   1.0131 -1.08607
1725273707400005376 0  2.43205 -8.26701  2.59876
1725273707404674816 1  -3.68859   1.17396 -0.923611
1725273707409652736 1  -3.73014   1.38009 -0.735054
1725273707414629376 1  -3.76636   1.63896 -0.529985
1725273707415604992 0  3.59904 -9.45361  2.17708
1725273707419606272 1  -3.76369   1.94044 -0.327577
1725273707424582656 1  -3.72002   2.27281 -0.124107
1725273707429559296 1 -3.63106  2.59932 0.084158
1725273707431201536 0  3.07929 -8.11991  1.29448
1725273707434536704 1 -3.49897   2.8992 0.276444
1725273707439512832 1 -3.32799  3.15061 0.438901
1725273707444489216 1 -3.12611  3.35355 0.549159
1725273707446797056 0   2.43205  -7.67861 -0.804145
1725273707449465344 1 -2.90826   3.5027 0.600826
1725273707454441472 1 -2.65738  3.62254 0.596566
1725273707459417344 1 -2.38999  3.67847 0.547562
1725273707462391808 0   1.3337 -7.90416 -2.45166
1725273707464394240 1 -2.12101  3.66036 0.481514
1725273707469369856 1 -1.87279  3.53093  0.40641
1725273707474345728 1 -1.63789  3.30775 0.338231
1725273707477986816 0  2.15746 -8.44353 -3.15774
1725273707479321344 1 -1.43069  2.99988  0.27964
1725273707484296704 1 -1.24799  2.66164 0.219983
1725273707489272320 1 -1.07062  2.33513 0.156066
1725273707493580800 0  1.65732 -7.80609 -3.74614
1725273707494248448 1 -0.885261   2.07307 0.0948098
1725273707499223552 1 -0.704692   1.87599   0.03036
1725273707504198656 1  -0.530517    1.74016 -0.0234363
1725273707509173760 1 -0.390962   1.64908 -0.062851
1725273707509175808 0  1.81423 -8.17875 -2.85373
1725273707514148608 1 -0.268454    1.5841 -0.078299
1725273707519123456 1  -0.167251    1.56705 -0.0713735
1725273707524099328 1  -0.082027    1.58196 -0.0468726
1725273707524768000 0  1.75539 -8.54159 -2.02998
1725273707529073920 1  -0.0149138      1.6283 -0.00585907
1725273707534048512 1 0.0399471   1.67837 0.0601877
1725273707539023104 1 0.0575243   1.71459  0.147543
1725273707540359168 0   3.0989 -9.05154 -1.04931
1725273707543997440 1 0.0596554   1.69915   0.25354
1725273707548972544 1 0.0415458   1.67145  0.354211
1725273707553947136 1 0.0101194   1.61712  0.446359
1725273707555950592 0   3.26561  -9.26728 -0.912018
1725273707558921216 1 -0.03036  1.54095 0.507081
1725273707563895040 1 -0.0830916    1.44081   0.536376
1725273707568869120 1 -0.135293   1.31298  0.537441
1725273707571539968 0   2.71644  -9.38496 -0.666852
1725273707573842688 1 -0.184829   1.15638  0.508146
1725273707578817536 1 -0.221048  0.983268  0.438369
1725273707583791360 1 -0.219451  0.829866  0.323849
1725273707587127808 0 0.0294199    -7.963  -2.37321
1725273707588764928 1 -0.143813  0.763817  0.156066
1725273707593738240 1 -0.0063914   0.788318 0.00585907
1725273707598711552 1   0.206666   0.881533 -0.0932128
1725273707602714112 0 0.892405 -7.54131 -3.90305
1725273707603686144 1   0.45062   1.05145 -0.103866
1725273707608659200 1 0.454348  1.19366 0.191752
1725273707613632256 1 0.311067  1.22882 0.588576
1725273707618302976 0  6.83524 -12.4446  1.43177
1725273707618605312 1 0.121443  1.15478 0.874075
1725273707623578368 1 -0.0916141    1.05411   0.986464
1725273707628550912 1 -0.270585  0.984334  0.943853
1725273707633524992 1 -0.38244 0.915622 0.815484
1725273707633886720 0   0.1471   -7.963 0.431493
1725273707638497536 1 -0.423988  0.851171  0.661548
1725273707643470080 1 -0.399485  0.737718  0.501754
1725273707648442368 1 -0.339295   0.58964  0.321186
1725273707649468672 0 0.725692 -9.01231   -1.775
1725273707653414912 1 -0.246083   0.39842  0.138488
1725273707658388224 1  -0.137954   0.191752 -0.0463402
1725273707663360256 1 -0.0308923   -0.03036  -0.215189
1725273707665048832 0 0.912018 -8.50237 -2.13785
1725273707668332544 1 0.0633851 -0.256736  -0.34409
1725273707673304320 1  0.135825 -0.483111 -0.439966
1725273707678276352 1  0.192285 -0.705226 -0.499091
1725273707680630016 0  2.01036 -8.90444  -1.3337
1725273707683249152 1  0.218918 -0.902306 -0.544366
1725273707688220928 1  0.240224   -1.0589 -0.557682
1725273707693192704 1    0.2594   -1.1388 -0.556085
1725273707696210176 0  1.95152 -8.82598 -1.08854
1725273707698163968 1  0.288695   -1.1649 -0.533181
1725273707703135488 1  0.324914  -1.13774 -0.485774
1725273707708107008 1  0.365395  -1.06423 -0.431444
1725273707711789568 0   1.81423  -9.12999 -0.931632
1725273707713079040 1  0.407475 -0.981137 -0.363266
1725273707718050304 1  0.434107 -0.885261 -0.301478
1725273707723021568 1  0.466066 -0.803234 -0.235429
1725273707727367168 0  1.87307 -9.16922 -1.01008
1725273707727992320 1  0.487905 -0.753164 -0.184296
1725273707732963328 1  0.516668 -0.733455  -0.13689
1725273707737934080 1   0.547562  -0.742512 -0.0948098
1725273707742905856 1   0.588043  -0.767545 -0.0708412
1725273707742943488 0  2.01036 -8.98289 -1.29448
1725273707747876352 1   0.635982   -0.81069 -0.0511329
1725273707752846848 1   0.680191  -0.854367 -0.0362191
1725273707757817344 1   0.727596  -0.887392 -0.0202406
1725273707758519296 0 1.81423 -8.8456  -1.471
1725273707762787840 1    0.772872   -0.905501 -0.00958709
1725273707767759104 1   0.819744  -0.918286 0.00585907
1725273707772729344 1  0.868748 -0.918818 0.0117181
1725273707774094848 0  1.56906 -8.92405 -1.20622
1725273707777699584 1  0.914556 -0.920949 0.0165108
1725273707782669312 1  0.966223 -0.917219 0.0250333
1725273707787639040 1   1.03121 -0.914556  0.032491
1725273707789668864 0  1.39254 -9.03192 -1.22583
1725273707792610048 1   1.10205 -0.917219 0.0479372
1725273707797579776 1   1.17502 -0.931069 0.0671131
1725273707802549248 1      1.24 -0.957168  0.085755
1725273707805241088 0  1.73578   -9.434 -1.25525
1725273707807518720 1   1.29327  -0.99179 0.0964085
1725273707812488192 1   1.35293   -1.0344 0.0926805
1725273707817458688 1   1.39927  -1.07648 0.0836257
1725273707820814080 0  1.63771 -9.05154 -1.14738
1725273707822427904 1  1.44081  -1.1127 0.085755
1725273707827397120 1   1.45839  -1.13188 0.0809623
1725273707832366336 1  1.44667 -1.14146 0.084158
1725273707836386048 0   1.89268  -9.16922 -0.245166
1725273707837335296 1   1.41578   -1.1388 0.0814947
1725273707842304000 1   1.37583  -1.11164 0.0708412
1725273707847273984 1   1.33056  -1.05571 0.0708412
1725273707851959296 0  1.51022 -9.18883 0.470719
1725273707852242432 1   1.27676 -0.975278 0.0713735
1725273707857211136 1   1.20805 -0.875674 0.0926805
1725273707862179584 1   1.12229 -0.767545  0.114518
1725273707867148288 1   1.00777 -0.658352  0.150739
1725273707867528448 0  1.85346 -9.76742  1.31409
1725273707872117504 1   0.90337 -0.551822  0.175774
1725273707877085696 1   0.81069 -0.465001  0.192285
1725273707882083328 1  0.748903 -0.384039   0.19921
1725273707883135488 0  1.58868  -9.2869 0.872792
1725273707887080448 1  0.723868 -0.328111  0.201873
1725273707892078080 1  0.711085 -0.284433  0.196547
1725273707897076736 1  0.697769 -0.262595  0.190688
1725273707898797568 0   1.6279 -9.11038 0.470719
1725273707902073856 1  0.675929 -0.266856  0.177371
1725273707907071488 1   0.64983 -0.270051  0.159261
1725273707912068864 1 0.618403 -0.27964 0.140085
1725273707914459648 0  1.65732 -9.11038 0.608012
1725273707917066496 1  0.594435 -0.281769  0.120911
1725273707922064896 1   0.56727 -0.270585  0.111855
1725273707927062272 1  0.540104 -0.260997  0.109725
1725273707930120704 0  1.79462 -9.20844 0.833565
1725273707932059904 1  0.509744 -0.256736  0.105996
1725273707937057024 1  0.480981 -0.237028  0.108127
1725273707942054656 1  0.454882 -0.216255  0.108659
1725273707945782784 0    1.775 -9.01231 0.990472
1725273707947052032 1 0.431978 -0.17897 0.120377
1725273707952050432 1  0.403215 -0.146477  0.131031
1725273707957047808 1  0.382974 -0.112389  0.149674
1725273707961443584 0  1.79462 -9.01231 0.951245
1725273707962045440 1   0.357407 -0.0830916   0.148608
1725273707967042816 1   0.335567 -0.0378178   0.154467
1725273707972040192 1  0.319055 0.0138474  0.160858
1725273707977037568 1  0.290292 0.0756356  0.169915
1725273707977103616 0 1.51022 -8.9927 1.06892
1725273707982036224 1 0.259932 0.133694 0.185361
1725273707987033344 1 0.224243 0.184829 0.190688
1725273707992030976 1 0.190155 0.221048 0.192819
1725273707992765696 0  1.49061 -9.09076  1.20622
1725273707997028352 1 0.162989 0.240224 0.177903
1725273708002025728 1 0.134226 0.256736 0.158729
1725273708007023104 1 0.107594 0.253006 0.124639
1725273708008428544 0  1.35332 -8.96328   1.0297
1725273708012021504 1 0.0900171  0.253006  0.109191
1725273708017019136 1 0.0660467  0.244484 0.0873537
1725273708022016256 1 0.0415458  0.237028 0.0873537
1725273708024089344 0  1.45138 -9.01231   1.1866
1725273708027013632 1   0.03036  0.229038 0.0825593
1725273708032012288 1 0.0207729  0.214124 0.0846904
1725273708037009408 1 0.0175772  0.202406 0.0697765
1725273708039749888 0  1.25525 -9.11038   1.0297
1725273708042006784 1 0.0170431  0.186426 0.0452738
1725273708047004416 1  0.026632  0.163522 0.0106517
1725273708052001792 1  0.0399471   0.139553 -0.0245009
1725273708055411968 0  1.31409 -9.01231 0.666852
1725273708056998912 1 0.0564597  0.111855 -0.055395
1725273708061997568 1  0.0617864  0.0777666 -0.0798959
1725273708066994944 1  0.0596554  0.0410135 -0.0884184
1725273708071072768 0  1.87307  -8.9927 0.784532
1725273708071992064 1  0.0543286  0.0111841 -0.0921481
1725273708076989440 1  0.0367514 -0.0111841 -0.0894848
1725273708081987072 1  0.0234363 -0.0229022 -0.0751033
1725273708086735360 0  1.81423 -8.92405 0.912018
1725273708086985472 1 0.00692372 -0.0175772 -0.0681778
1725273708091982592 1 -0.000532325            0   -0.0548627
1725273708096979968 1 -0.0122505  0.0335557 -0.0372837
1725273708101977600 1 -0.0197065  0.0740369 -0.0276966
1725273708102397184 0  1.60829 -8.96328 0.892405
1725273708106974976 1  -0.032491   0.120377 -0.0186419
1725273708111972096 1 -0.0468726    0.15713 -0.0031957
1725273708116970496 1 -0.0681778   0.190155  0.0122505
1725273708118059776 0  1.65732 -8.92405 0.912018
1725273708121967872 1 -0.0878861   0.222646  0.0175772
1725273708126964992 1 -0.101203  0.238093  0.028229
1725273708131962624 1 -0.112389  0.243952 0.0319587
1725273708133722624 0  1.71616 -8.86521 0.892405
1725273708136960000 1 -0.11505 0.240224 0.028229
1725273708141958144 1 -0.115584    0.2333 0.0255656
1725273708146955520 1 -0.112921  0.218918 0.0170431
1725273708149385216 0  1.60829  -8.8456 0.804145
1725273708151952896 1 -0.0996042    0.19548  0.0111841
1725273708156950272 1  -0.0852227    0.170447 -0.00266163
1725273708161947392 1 -0.0724399   0.149674 -0.0175772
1725273708165047808 0  1.43177 -8.86521 0.784532
1725273708166945792 1 -0.0548627    0.12677 -0.0330234
1725273708171943168 1 -0.0431428   0.110258 -0.0420781
1725273708176940544 1 -0.0378178     0.1028 -0.0458062
1725273708180710400 0  1.45138 -8.86521 0.951245
1725273708181937664 1 -0.0394148    0.10653 -0.0500683
1725273708186935296 1 -0.0468726   0.111855 -0.0431428
1725273708191933696 1 -0.0564597   0.104931 -0.0245009
1725273708196371968 0  1.65732 -8.96328  1.08854
1725273708196930816 1  -0.0665808    0.121443 -0.00479267
1725273708201928192 1 -0.0761679   0.126236  0.0021293
1725273708206925568 1 -0.0777666   0.121976  0.0117181
1725273708211922944 1 -0.0814947    0.12304  0.0213052
1725273708212034560 0  1.63771 -8.88482  1.04931
1725273708216921088 1 -0.078299  0.117714 0.0383501
1725273708221918464 1 -0.0777666  0.0921481  0.0474049
1725273708226915584 1 -0.0724399  0.0623187  0.0559273
1725273708227695360 0  1.65732 -8.98289 0.951245
1725273708231912960 1 -0.0596554  0.0314247  0.0617864
1725273708236910080 1 -0.0442092 -0.0021293  0.0649821
1725273708241908480 1   -0.03036 -0.0218376  0.0644498
1725273708243356672 0  1.45138 -8.98289 0.804145
1725273708246905856 1 -0.0159785 -0.0415458   0.062851
1725273708251902976 1          0 -0.0511329  0.0649821
1725273708256900352 1 0.00692372 -0.0521993  0.0527316
1725273708259018240 0  1.25525 -9.03192 0.872792
1725273708261898752 1  0.0159785 -0.0330234  0.0516652
1725273708266895872 1   0.0085207 -0.00479267   0.0580584
1725273708271893248 1 -0.00905477   0.0229022   0.0633851
1725273708274679808 0  1.31409 -9.16922  1.10815
1725273708276890368 1 -0.028229 0.0388824 0.0697765
1725273708281887744 1 -0.0426105  0.0516652  0.0708412
1725273708286885120 1 -0.059123 0.0511329 0.0692442
1725273708290340096 0  1.27486 -9.09076   1.0297
1725273708291882240 1 -0.0735045  0.0708412  0.0575243
1725273708296880640 1 -0.0772326  0.0814947  0.0543286
1725273708301877760 1 -0.0889507  0.0964085  0.0330234
1725273708305999616 0  1.1866 -9.1496 1.04931
1725273708306874880 1 -0.0932128   0.128367  0.0239686
1725273708311872256 1 -0.0942774   0.177371 0.00798837
1725273708316869632 1  -0.107062   0.242355 -0.0111841
1725273708321659904 0 0.892405 -9.30651  1.37293
1725273708321868032 1   -0.12677   0.320121 -0.0191742
1725273708326864896 1  -0.159261   0.401616 -0.0298277
1725273708331862272 1  -0.200275   0.463936 -0.0431428
1725273708336859648 1  -0.234365   0.521463 -0.0564597
1725273708337321216 0 0.931632 -9.32612  1.45138
1725273708341856768 1   -0.27165   0.563008 -0.0804283
1725273708346854912 1  -0.305207   0.609349 -0.0985395
1725273708351852288 1 -0.328111  0.649297 -0.121443
1725273708352983552 0  1.16699 -9.24767  1.31409
1725273708356849664 1 -0.352612  0.693508 -0.142749
1725273708361846784 1 -0.376581  0.765414 -0.162989
1725273708366843904 1 -0.407475  0.858629 -0.192285
1725273708368645888 0  1.20622 -9.18883  1.37293
1725273708371842304 1 -0.452751  0.989127 -0.205602
1725273708376839424 1 -0.510277    1.1175 -0.219451
1725273708381836544 1 -0.581118   1.26078  -0.22957
1725273708384309248 0  1.20622 -9.22806  1.69655
1725273708386833664 1 -0.671669   1.38968 -0.232766
1725273708391831040 1 -0.746772   1.49941 -0.228505
1725273708396829440 1 -0.831997   1.59422 -0.228505
1725273708399971328 0 1.25525 -9.2869 1.67694
1725273708401826304 1 -0.914024   1.67465 -0.232766
1725273708406823680 1  -1.00298   1.74069 -0.235429
1725273708411820800 1  -1.07062   1.79769 -0.247147
1725273708415632896 0  1.10815 -9.22806  1.35332
1725273708416818176 1  -1.13028   1.85415 -0.266856
1725273708421816320 1  -1.19473   1.90209 -0.288163
1725273708426813440 1  -1.27037   1.96228 -0.304141
1725273708431292928 0  1.20622 -9.05154 0.990472
1725273708431810816 1  -1.33162   2.02406 -0.321186
1725273708436807936 1  -1.35612   2.09704 -0.358471
1725273708441805056 1 -1.34334  2.15616 -0.40854
1725273708446803200 1 -1.31138  2.21102 -0.47885
1725273708446953216 0  1.54945 -8.48275   0.1471
1725273708451800576 1  -1.28635   2.26162 -0.541171
1725273708456797696 1  -1.26983   2.28666 -0.573129
1725273708461794560 1  -1.27516   2.28613 -0.588576
1725273708462614272 0   2.53992  -8.54159 -0.225553
1725273708466791936 1 -1.27676  2.28453 -0.58964
1725273708471790080 1  -1.24853   2.25843 -0.556085
1725273708476787456 1  -1.19526   2.21688 -0.517733
1725273708478275328 0   2.85373  -8.82598 -0.706079
1725273708481784320 1  -1.11643   2.16415 -0.474056
1725273708486781696 1  -1.03653   2.10449 -0.435706
1725273708491778816 1 -0.958235   2.02513 -0.400019
1725273708493934592 0   2.41244  -8.74753 -0.833565
1725273708496776960 1 -0.882065   1.90954 -0.387234
1725273708501774080 1 -0.809093   1.77532 -0.371256
1725273708506771200 1 -0.744109   1.62404 -0.357939
1725273708509594624 0  2.45166 -8.78676  -1.1866
1725273708511768576 1 -0.684452   1.47757 -0.327577
1725273708516766720 1 -0.631188   1.35559 -0.285499
1725273708521763584 1 -0.592838   1.25918 -0.231169
1725273708525256960 0   2.77528  -9.05154 -0.784532
1725273708526760960 1 -0.563541   1.18088  -0.17524
1725273708531758080 1 -0.528919   1.12868   -0.1289
1725273708536755200 1  -0.501754    1.08287 -0.0932128
1725273708540916736 0   2.29476  -8.70831 -0.872792
1725273708541753344 1  -0.470328    1.05837 -0.0697765
1725273708546750464 1 -0.444761   1.03813 -0.059123
1725273708551747584 1  -0.429314    1.03174 -0.0468726
1725273708556577024 0    2.2163  -8.74753 -0.804145
1725273708556744704 1   -0.42026     1.0392 -0.0436769
1725273708561741824 1  -0.415465    1.03813 -0.0420781
1725273708566739968 1  -0.415997    1.05038 -0.0292954
1725273708571737088 1  -0.435173    1.09512 -0.0031957
1725273708572236800 0    2.5007  -8.62985 -0.813952
1725273708576734208 1 -0.454348   1.14306 0.0559273
1725273708581731328 1 -0.463936   1.18461  0.127835
1725273708586729472 1 -0.464469      1.24  0.207733
1725273708587896832 0   2.27514  -8.98289 -0.706079
1725273708591726592 1 -0.469795   1.31351  0.270051
1725273708596723712 1  -0.4666  1.39181 0.324382
1725273708601720576 1 -0.456479   1.46159  0.369657
1725273708603557632 0   2.13785  -8.68869 -0.892405
1725273708606717696 1 -0.434107   1.50739  0.410138
1725273708611716096 1 -0.411737   1.53882  0.442097
1725273708616713216 1 -0.37818  1.58143 0.450087
1725273708619217408 0  1.60829 -8.70831 -1.14738
1725273708621710080 1 -0.343558   1.60327  0.435173
1725273708626707200 1 -0.307337   1.63523  0.396822
1725273708631704320 1 -0.273247   1.66825  0.368593
1725273708634876416 0  1.23564 -8.52198 -1.04931
1725273708636702464 1 -0.238093   1.70607  0.362734
1725273708641699584 1 -0.197079   1.75721  0.372321
1725273708646696448 1 -0.151271   1.83284  0.381908
1725273708650537472 0  1.20622 -8.72792 -1.12776
1725273708651693824 1 -0.0761679    1.91061   0.389365
1725273708656691968 1 0.00958709    2.01714   0.402148
1725273708661689088 1 0.129966  2.12687 0.419193
1725273708666197248 0  1.22583 -8.04145 -1.85346
1725273708666685952 1 0.284967  2.22061 0.455946
1725273708671683072 1 0.484177  2.28293  0.52519
1725273708676680192 1 0.698301  2.30797 0.615208
1725273708681678336 1 0.909763  2.28346 0.729727
1725273708681858048 0  3.00083 -7.98261 -1.85346
1725273708686675200 1  1.10471  2.21475 0.861824
1725273708691672320 1  1.25226   2.1013 0.995518
1725273708696669440 1 1.33641 1.97027 1.10684
1725273708697518848 0   3.61865  -8.94366 -0.431493
1725273708701666560 1 1.35985 1.83124 1.17609
1725273708706664448 1 1.33215 1.68637  1.1942
1725273708711661568 1 1.26664 1.53136 1.15957
1725273708713180672 0 2.09862 -9.2869       0
1725273708716658688 1 1.17449 1.37583 1.08607
1725273708721655552 1  1.06423  1.23308 0.981671
1725273708726652672 1  0.96356  1.09885 0.866085
1725273708728841216 0 0.666852  -9.2869 0.529559
1725273708731650560 1 0.902306 0.979007 0.741978
1725273708736647680 1 0.892186 0.879402 0.602425
1725273708741644800 1 0.900174  0.79684  0.47885
1725273708744498944 0 -0.0490332   -9.70858   0.166713
1725273708746641920 1 0.908165 0.739314 0.371256
1725273708751639040 1 0.898045  0.72227   0.2594
1725273708756636928 1 0.847975 0.728663 0.146477
1725273708760160000 0 -0.107873  -9.45361  0.970858
1725273708761634048 1 0.778199 0.763817  0.03036
1725273708766630912 1  0.703628  0.837856 -0.062851
1725273708771628032 1  0.613078  0.943319 -0.147543
1725273708775819520 0 0.853179 -9.05154  1.25525
1725273708776624896 1  0.521463   1.08287 -0.201873
1725273708781623040 1  0.428248   1.23681 -0.213592
1725273708786620160 1  0.346221     1.403 -0.184829
1725273708791479040 0  1.54945 -9.24767  1.31409
1725273708791617024 1  0.25567  1.58729 -0.12677
1725273708796613888 1   0.173643     1.7913 -0.0548627
1725273708801611008 1 0.0852227   2.01874 0.0239686
1725273708806609152 1 0.0117181   2.26056  0.103866
1725273708807138560 0  1.60829 -9.16922  1.25525
1725273708811606016 1 -0.0703088    2.51676   0.177371
1725273708816603136 1 -0.13689  2.78309 0.265791
1725273708821600000 1 -0.215721    3.0558  0.362734
1725273708822796288 0  1.49061 -9.20844  1.49061
1725273708826596864 1 -0.324914   3.34876  0.455946
1725273708831595008 1 -0.465533   3.62307   0.55129
1725273708836592128 1 -0.576325   3.81536  0.614675
1725273708838455808 0  1.39254 -9.45361  1.39254
1725273708841588992 1 -0.653559   3.97143  0.656223
1725273708846585856 1 -0.701497   4.09607  0.688714
1725273708851584000 1 -0.738782   4.21005  0.688182
1725273708854113536 0   1.1866 -8.90444        0
1725273708856581120 1 -0.749968   4.32457  0.684986
1725273708861577984 1 -0.742512   4.44602  0.658884
1725273708866574848 1 -0.719608   4.56373  0.646634
1725273708869773056 0 0.833565 -8.50237        0
1725273708871571712 1 -0.684452   4.64842  0.604556
1725273708876569856 1 -0.649297   4.56746  0.487373
1725273708881567232 1 -0.608816   4.20526  0.267388
1725273708885436160 0  1.01008 -8.46314 0.529559
1725273708886565632 1 -0.559813   3.64385 0.0207729
1725273708891564288 1 -0.506549   3.11653 -0.160326
1725273708896562688 1 -0.490568   2.72769 -0.227973
1725273708901101312 0 0.107873 -9.95375  2.11824
1725273708901562368 1 -0.507613   2.49652 -0.216255
1725273708906560512 1 -0.560345   2.35377 -0.166185
1725273708911559168 1  -0.63172    2.2531 -0.109191
1725273708916557568 1  -0.665278     2.1242 -0.0692442
1725273708916764672 0 0.608012 -9.24767  2.33398
1725273708921556224 1  -0.675397    1.93671 -0.0458062
1725273708926555648 1  -0.664745    1.72631 -0.0106517
1725273708931554048 1 -0.655156   1.50633 0.0458062
1725273708932428800 0   1.1866  -8.4043 0.951245
1725273708936552448 1 -0.651961   1.29327  0.139553
1725273708941551104 1 -0.640243   1.08021  0.270051
1725273708946550528 1 -0.595499  0.845312  0.405344
1725273708948092928 0  1.81423 -9.38496 0.833565
1725273708951549184 1 -0.525723  0.580053  0.532114
1725273708956547584 1 -0.419193   0.27591  0.622133
1725273708961545984 1  -0.298814 -0.0612541   0.679127
1725273708963756288 0   1.01008  -9.80665 -0.166713
1725273708966545408 1 -0.178437 -0.397356  0.718542
1725273708971544064 1 -0.0644498  -0.721205   0.736119
1725273708976542464 1 0.0500683  -1.02428  0.744641
1725273708979419648 0 -0.0294199   -10.0714  -0.343233
1725273708981541120 1 0.167784 -1.34014 0.739314
1725273708986540544 1 0.303076 -1.65654 0.734522
1725273708991538944 1  0.42452 -1.97186 0.715878
1725273708995083008 0 -0.588399  -10.3558 -0.323619
1725273708996537600 1 0.541171 -2.28346 0.698301
1725273709001536000 1 0.632785 -2.57056 0.672734
1725273709006534400 1 0.697236 -2.82517 0.654092
1725273709010747392 0 -0.627626  -10.4931  0.343233
1725273709011533824 1  0.72813 -3.03769 0.643438
1725273709016532480 1 0.748903 -3.22412 0.633319
1725273709021530880 1  0.75849 -3.37539 0.624796
1725273709026410752 0 -0.166713   -10.395  0.411879
1725273709026529536 1 0.748903 -3.49843 0.621067
1725273709031528960 1 0.732923 -3.59964 0.617871
1725273709036527616 1 0.701497  -3.6806 0.599761
1725273709041526016 1 0.655689 -3.73813  0.56727
1725273709042073856 0 -0.0882598    -10.297    0.26478
1725273709046524416 1 0.608816 -3.79725 0.555552
1725273709051523072 1 0.580585 -3.85744  0.57739
1725273709056522496 1 0.580585 -3.93307 0.598697
1725273709057736960 0  1.01008 -10.8363 0.284393
1725273709061520896 1 0.609349 -3.98741 0.616274
1725273709066519552 1 0.634916 -4.04546 0.604556
1725273709071517952 1  0.65782 -4.09074 0.562476
1725273709073400320 0  -0.1471 -10.3754 0.529559
1725273709076516608 1 0.661016 -4.12589 0.498026
1725273709081516032 1 0.675929 -4.16211 0.411203
1725273709086514688 1 0.680724 -4.19567 0.310532
1725273709089064960 0  -1.1866 -9.41438 0.362846
1725273709091513088 1 0.708422 -4.23775 0.229038
1725273709096511744 1 0.730792  -4.2729 0.145412
1725273709101511168 1  0.773937  -4.30007 0.0761679
1725273709104728320 0  -0.284393   -8.42391 -0.0294199
1725273709106509568 1  0.835192  -4.34588 0.0165108
1725273709111507968 1   0.917752   -4.40394 -0.0175772
1725273709116506624 1   0.992323   -4.45933 -0.0276966
1725273709120393472 0   1.71616   -8.4043 -0.451106
1725273709121505024 1    1.09353   -4.53071 -0.0276966
1725273709126504704 1    1.19473   -4.60581 -0.0271643
1725273709131503104 1     1.2938   -4.65961 -0.0319587
1725273709136075008 0  1.67694 -8.78676 0.431493
1725273709136501760 1    1.35719   -4.69476 -0.0468726
1725273709141500160 1    1.39873   -4.69956 -0.0671131
1725273709146498816 1    1.40246    -4.6873 -0.0990719
1725273709151498240 1   1.38489  -4.66866 -0.147011
1725273709151722240 0 0.549172 -8.94366  1.79462
1725273709156496896 1   1.36411  -4.64682 -0.202406
1725273709161495296 1   1.34547  -4.60475 -0.292423
1725273709166493952 1    1.3508  -4.55201 -0.397888
1725273709167384576 0 -1.35332 -7.92377  1.45138
1725273709171493376 1   1.37423  -4.47531 -0.523059
1725273709176492032 1   1.42324  -4.36985 -0.654624
1725273709181490432 1   1.48609  -4.23882 -0.756893
1725273709183048192 0 -0.804145  -7.29615  0.892405
1725273709186489088 1   1.53616  -4.09873 -0.821876
1725273709191487488 1   1.56492  -3.96397 -0.815484
1725273709196487168 1   1.57984  -3.83187 -0.772872
1725273709198714368 0   2.2163 -8.64947  1.81423
1725273709201485568 1   1.57717  -3.68912 -0.706291
1725273709206484224 1   1.54468  -3.53785 -0.637047
1725273709211482624 1   1.49621  -3.38605 -0.565139
1725273709214379520 0  2.63799 -8.82598   2.7949
1725273709216482304 1   1.43815  -3.22732 -0.497492
1725273709221480704 1   1.39607  -3.07764 -0.465001
1725273709226479360 1   1.36251  -2.92957 -0.461805
1725273709230045184 0 0.686466 -8.17875  2.98122
1725273709231477760 1   1.33961  -2.79214 -0.491101
1725273709236476416 1   1.32203  -2.66697 -0.508678
1725273709241475840 1   1.30286  -2.56097 -0.532648
1725273709245710336 0 0.411879 -7.98261  3.26561
1725273709246474240 1   1.26451  -2.45764 -0.552889
1725273709251472896 1   1.21923  -2.34791 -0.571531
1725273709256471552 1    1.1633  -2.24298 -0.589108
1725273709261377024 0  1.67694 -7.92377  3.74614
1725273709261470976 1   1.09033  -2.12101 -0.591771
1725273709266469376 1    1.0067  -1.98944 -0.580053
1725273709271468032 1  0.903904  -1.84509 -0.544899
1725273709276466432 1  0.771807  -1.69489 -0.489504
1725273709277041408 0 3.04006  -7.963 4.46203
1725273709281465088 1   0.61947  -1.53882 -0.406943
1725273709286464512 1  0.451684   -1.3966 -0.316392
1725273709291463168 1  0.29775 -1.26397 -0.23756
1725273709292706816 0  3.04006 -8.54159  5.10926
1725273709296461568 1  0.162989  -1.13827 -0.161925
1725273709301460224 1 0.0596554  -1.01736 -0.113986
1725273709306459648 1 -0.0202406    -0.9071 -0.0894848
1725273709308372224 0  1.73578 -8.15913  4.24628
1725273709311458304 1 -0.0724399  -0.810157  -0.085755
1725273709316456704 1   -0.12304  -0.724933 -0.0926805
1725273709321455616 1  -0.18323 -0.634916 -0.101735
1725273709324037632 0 0.892405 -8.08068  4.04034
1725273709326454016 1 -0.264725  -0.52093 -0.118248
1725273709331453696 1 -0.366994 -0.377647 -0.130498
1725273709336452096 1  -0.48897 -0.215189 -0.135293
1725273709339703040 0 0.647239 -8.52198  4.99158
1725273709341450752 1  -0.637047 -0.0388824   -0.15287
1725273709346449152 1 -0.800038   0.12304 -0.163522
1725273709351447808 1 -0.980072  0.288695 -0.197611
1725273709355368704 0 0.362846 -8.59062  5.22694
1725273709356447232 1  -1.15904  0.457011 -0.231701
1725273709361445888 1  -1.32257  0.633319 -0.267922
1725273709366444288 1   -1.4765  0.826138 -0.306272
1725273709371034112 0 0.509946 -8.36507  4.48164
1725273709371442944 1  -1.61819   1.02055 -0.350481
1725273709376441344 1  -1.74709   1.21763 -0.396822
1725273709381441280 1  -1.87972   1.41471 -0.431978
1725273709386439680 1  -2.01554   1.60167 -0.459674
1725273709386698496 0  1.51022 -8.44353  4.02073
1725273709391438336 1  -2.14391    1.7897 -0.468197
1725273709396436736 1   -2.2808   1.96281 -0.456479
1725273709401436160 1  -2.41343   2.10716 -0.429314
1725273709402363904 0  2.53992 -8.64947  3.84421
1725273709406434816 1  -2.53328   2.23499 -0.373385
1725273709411433472 1  -2.64992   2.35058 -0.311067
1725273709416431872 1  -2.76764    2.4587 -0.247681
1725273709418028544 0  3.04006 -8.66908  3.46175
1725273709421431296 1  -2.87204   2.55511 -0.180567
1725273709426430208 1  -2.96046   2.63128 -0.114518
1725273709431428608 1    -3.0574    2.70106 -0.0585907
1725273709433694208 0  2.69683 -8.62985  2.46147
1725273709436427264 1   -3.12824    2.76178 -0.0239686
1725273709441426688 1    -3.18098     2.82996 -0.00479267
1725273709446425344 1   -3.21879     2.9024 0.00266163
1725273709449358336 0   2.2163 -8.50237  1.08854
1725273709451423744 1    -3.24489     2.99455 -0.00692372
1725273709456422400 1   -3.22306    3.07232 -0.0106517
1725273709461421056 1   -3.17032    3.14635 -0.0122505
1725273709465024000 0  2.23592  -8.8456 0.166713
1725273709466420736 1   -3.09788    3.21933 -0.0133151
1725273709471419136 1   -3.02651    3.26513 -0.0186419
1725273709476417792 1   -2.96951    3.29976 -0.0170431
1725273709480689408 0   2.61838  -8.72792 -0.686466
1725273709481416192 1   -2.89761     3.3152 -0.0031957
1725273709486415872 1  -2.80067   3.31414 0.0186419
1725273709491414528 1  -2.68508   3.26993 0.0484695
1725273709496355072 0  3.13813  -8.8456 -1.06892
1725273709496413184 1  -2.55192   3.20175 0.0953438
1725273709501411584 1 -2.38999  3.07871 0.153402
1725273709506411008 1 -2.24138  2.93489 0.206666
1725273709511409664 1 -2.10822  2.75805 0.245018
1725273709512019456 0  3.86382 -8.62985   -1.775
1725273709516408320 1 -1.95322  2.51037 0.254605
1725273709521406976 1 -1.78863  2.17533 0.217852
1725273709526406400 1 -1.60647  1.78704 0.171512
1725273709527685120 0  4.14821 -8.52198 -2.83412
1725273709531405056 1 -1.40672  1.41045 0.123573
1725273709536403456 1 -1.21337  1.10951 0.101735
1725273709541402112 1 -1.03653 0.900174 0.124639
1725273709543350528 0  3.55981  -8.9927 -2.37321
1725273709546400768 1 -0.890587  0.777134  0.168316
1725273709551400448 1 -0.753696  0.694041  0.255137
1725273709556398848 1 -0.616806  0.595499  0.348884
1725273709559017216 0  3.26561 -9.51245 -1.85346
1725273709561397504 1 -0.472459  0.469263  0.449023
1725273709566395904 1 -0.320121  0.300945  0.540104
1725273709571395840 1 -0.151803 0.0996042  0.604556
1725273709574683904 0  2.96161 -9.30651 -2.75567
1725273709576394240 1  0.005325 -0.108127  0.653025
1725273709581392896 1 0.160858 -0.29775 0.680724
1725273709586392320 1  0.306804 -0.456479  0.696704
1725273709590351360 0   2.6576 -9.18883 -2.41244
1725273709591391232 1  0.445825 -0.578989  0.713749
1725273709596389632 1  0.570998 -0.667407  0.736651
1725273709601388288 1  0.683919 -0.744641  0.749968
1725273709606016768 0   2.0594 -9.12999 -1.87307
1725273709606386688 1   0.79258 -0.801103  0.761154
1725273709611386112 1   0.89112 -0.874607  0.770209
1725273709616385024 1  0.988062 -0.960364  0.776068
1725273709621383424 1  1.09992 -1.07062 0.778199
1725273709621683456 0  1.54945 -9.22806 -1.87307
1725273709626382080 1  1.23042 -1.21178 0.779796
1725273709631381504 1  1.37583 -1.37157 0.785122
1725273709636380416 1  1.53669 -1.56386 0.796308
1725273709637348096 0  1.81423 -9.24767 -2.01036
1725273709641378816 1  1.69489 -1.77052 0.804831
1725273709646377472 1  1.84989 -2.00862 0.819744
1725273709651375872 1  2.00382 -2.24298 0.828267
1725273709653013760 0  2.11824 -9.12999 -1.95152
1725273709656375808 1  2.16628 -2.48321 0.839453
1725273709661374208 1  2.33726 -2.72024 0.845844
1725273709666372864 1  2.50451  -2.9253 0.843715
1725273709668679168 0   2.2163 -8.70831 -1.75539
1725273709671371264 1  2.66377 -3.10055 0.847443
1725273709676371200 1  2.82463 -3.24543  0.85703
1725273709681369600 1  2.97378 -3.35515 0.890055
1725273709684344832 0   2.03978  -8.59062 -0.833565
1725273709686368256 1  3.09948 -3.42706 0.929472
1725273709691366912 1  3.19855  -3.4489 0.969953
1725273709696366336 1  3.28218 -3.44837  1.03174
1725273709700012544 0  1.60829 -8.28662 0.127486
1725273709701364992 1  3.36474 -3.41108  1.09885
1725273709706363648 1  3.44837 -3.35995  1.18834
1725273709711362304 1 3.53838 -3.2907 1.30179
1725273709715678976 0  1.67694 -8.02184 0.509946
1725273709716360960 1  3.63799 -3.20601  1.43602
1725273709721360384 1  3.73919 -3.09469   1.5825
1725273709726359040 1  3.84146 -2.96472  1.72312
1725273709731346688 0  1.73578 -7.38441  1.45138
1725273709731357696 1  3.93787 -2.81185  1.85362
1725273709736356096 1  4.00019 -2.62915  1.96547
1725273709741356032 1  4.01191 -2.41982  2.04484
1725273709746354432 1  3.94852 -2.17906  2.10289
1725273709747012096 0 0.784532 -7.13924  3.92266
1725273709751353088 1  3.80258 -1.91274   2.1242
1725273709756351744 1  3.54904 -1.61126  2.10449
1725273709761351424 1  3.19589 -1.27356  2.04856
1725273709762676992 0 -0.725692  -7.84532   7.23731
1725273709766349824 1   2.74101 -0.890587   1.95375
1725273709771348736 1   2.20942 -0.469263   1.81633
1725273709776347136 1    1.60327 -0.0362191    1.64215
1725273709778344704 0 -2.71644 -8.72792  10.3754
1725273709781346560 1 0.960364 0.408007  1.42164
1725273709786345472 1 0.306272 0.839985  1.15851
1725273709791343872 1 -0.333436   1.24853  0.854901
1725273709794011136 0 -4.53067 -8.78676   10.552
1725273709796342528 1 -0.934264   1.62564  0.527854
1725273709801341184 1 -1.47011  1.95109 0.192285
1725273709806339840 1  -1.93138   2.22061 -0.141684
1725273709809678080 0 -4.82487 -8.50237  8.15913
1725273709811339264 1  -2.30264   2.44219 -0.463404
1725273709816338176 1  -2.58707   2.61424 -0.765414
1725273709821336576 1 -2.77989   2.7458 -1.03121
1725273709825342464 0 -3.92266 -8.17875  5.41327
1725273709826335232 1 -2.89601  2.82357  -1.2677
1725273709831334912 1 -2.9285 2.85606 -1.4536
1725273709836333568 1 -2.90134  2.84754 -1.60114
1725273709841010176 0 -2.07901 -8.00223  3.21658
1725273709841332224 1 -2.82091  2.80812 -1.69968
1725273709846330880 1 -2.70532  2.73302 -1.75934
1725273709851330304 1 -2.57376  2.63288 -1.78224
1725273709856329216 1 -2.42461  2.50877 -1.76626
1725273709856677888 0 -0.284393    -7.963   2.09862
1725273709861327616 1 -2.27015  2.35857 -1.71459
1725273709866326528 1 -2.10077  2.17587 -1.65014
1725273709871325952 1 -1.93085  1.93405 -1.56439
1725273709872345600 0  1.20622 -8.04145   1.3337
1725273709876324352 1  -1.7588  1.64269 -1.48076
1725273709881323264 1 -1.59209  1.33269  -1.3753
1725273709886323968 1 -1.44827  1.03707 -1.25545
1725273709888014080 0  1.99075 -8.48275 0.813952
1725273709891325696 1 -1.30765 0.779263 -1.12016
1725273709896326400 1  -1.17609  0.574726 -0.972082
1725273709901327104 1  -1.03707  0.409074 -0.811756
1725273709903686400 0  1.95152 -8.70831 0.725692
1725273709906327808 1 -0.910828  0.287629 -0.657287
1725273709911328512 1 -0.780862   0.19122 -0.507081
1725273709916330240 1 -0.662614  0.118248 -0.370722
1725273709919358976 0  1.69655 -8.82598 0.323619
1725273709921331200 1 -0.541703  0.055395 -0.253006
1725273709926331904 1 -0.431978 -0.005325 -0.155533
1725273709931332864 1   -0.32598 -0.0521993 -0.0793636
1725273709935031552 0   1.25525  -8.72792 0.0490332
1725273709936334592 1  -0.228505  -0.103332 -0.0197065
1725273709941335552 1 -0.141684 -0.151271 0.0111841
1725273709946336256 1 -0.055395 -0.200807 0.0399471
1725273709950704128 0  1.14738 -8.68869 0.107873
1725273709951338240 1 0.0063914 -0.242355  0.053264
1725273709956338944 1 0.0687101 -0.273247 0.0729722
